20267
8089.76
8855.62
717868
649403
524065
185897
478.82
531058
559583
103108
1624.64
684420
169291
51137.1
57066.9
179384
54204.3
304551
508.98
783192
376029
6960.36
717239
508.98
265633
59952.4
508.94
200035
12504.4
11083.9
130208
350063
23822.1
611908
741925
699423
353513
478.82
65017.9
238534
612404
493.86
676191
14417.7
110303
715745
278523
283523
32986.2
94076.9
137901
665.275
8867.16
508.98
572108
384962
568336
250018
606697
736829
8853.39
508.98
8646.05
411.747
54386.7
70590
171530
513474
502718
327925
537342
7025.21
232739
493.86
19529.9
12060.1
98154
640726
369414
403589
788605
133744
275249
11676.7
508.94
763779
73694.1
282093
132273
65947.1
484789
493.9
410137
236527
111386
786105
21709
508.98
150615
480892
478.82
16102
478.82
286122
85354.4
5474.41
643983
197800
508955
270122
662269
102526
493.86
59129.4
537820
508.98
194548
140712
492635
148532
270061
640835
750665
642446
549580
401466
508.94
756951
508.94
296484
51852.9
730963
175013
72519.2
687367
326438
48152.4
290907
508.98
423661
757116
99397.4
709675
98945.1
360465
766655
514948
685650
493.9
794813
418488
493.86
441584
493.9
153493
104989
2330.37
719080
492764
457452
777581
508.94
80999.2
410343
282910
11388
541394
40570.6
16110.9
555806
505648
43749.6
478.82
62761.5
8074.7
526757
541607
508.94
43998.6
508.94
86455.4
508.94
656225
586876
26.4065
172527
61296.5
376237
343034
5664.52
20393.3
508.98
731279
495898
289687
8840.09
2014.83
336761
508.94
253521
38065.8
45025.9
478.82
12341.7
145584
78340.7
166193
24938
519045
598265
3966.98
731555
508.94
65250.1
508.9
648803
346189
311135
20602.3
328031
62757.1
774894
478.82
40666.5
607220
2513.59
773710
290448
50391.8
508.98
7697.45
19267.2
576215
728367
264490
190575
17704.8
326161
6281.72
367187
734371
30164.9
791839
79178.9
336680
413621
418518
264412
1575.32
151287
478.82
716629
508.94
26679.3
725781
493.9
159978
493.9
760116
7282.91
110935
480310
70235.9
2287.83
32080.2
493.9
794983
420855
493.86
224087
4593.58
493.86
3465.44
442873
771657
34227.6
22949.5
753102
478.82
770813
675188
47730.6
340968
722109
296001
103954
706213
792975
50159
508.98
473470
421050
707773
144120
370712
508.94
777990
31011.7
19904.4
685504
705736
44909.7
508.94
4522.7
493.9
729340
144271
636262
508.94
567763
795609
218738
508.94
504131
508.94
3372.38
228711
752281
796279
102946
600733
7557.6
325436
21547.3
5589.25
506007
491221
95658.3
367376
696365
633824
692558
227954
11924.7
629794
5791.09
248762
591425
508.94
248559
478.82
241208
20445.8
733669
47236.7
579064
239424
235662
267499
508.94
774576
478.82
330727
479753
33566.1
15699.6
62120.5
16056.6
60367.3
536063
493.86
493692
508.98
671539
783036
232124
759929
790299
727339
760527
39569.5
575239
52094.6
508.9
373017
493.86
479621
478.82
241265
706294
585408
761498
373167
435125
56025.8
151125
478.82
20039.4
101701
67116.4
493.9
15125.6
599474
508.9
36722.4
508.98
187057
465441
179352
146990
427797
493.9
399377
160777
493.9
39462
869.765
103133
508.9
132217
508.98
59283.4
168208
493.9
130354
129706
288701
20504.9
508.94
420988
508.98
10811.8
77221.9
508.98
38047.9
7089.21
611114
124388
508.9
541257
786831
374417
367493
508.94
5101.56
645229
508.94
713463
29712.6
533781
504863
478.82
12057.2
19928.4
8961.06
135286
21755.1
696176
508.98
8436.56
478.82
15057.8
7913.01
22147.1
161911
493.9
180596
573072
478.82
15446.1
484136
508.94
778014
554816
56246.8
778539
491294
508.98
342808
637597
508.94
107330
575.332
743431
211.741
411795
78282.7
613285
277256
493.9
678469
499162
3353.22
760344
6604.18
248767
68270
107134
3742.92
19362.1
51400.1
86889.5
667173
494402
570110
300662
335156
568532
91453.7
696517
543035
66044.3
446455
509120
624084
470475
358553
5018.55
208561
80702.9
508.98
755356
508.98
630394
508.94
434443
90803.5
508.98
479860
344878
789627
212712
25061.3
318962
710324
715597
508.94
2452.46
1730.65
493.86
252675
35781.5
764216
494471
662681
246849
406694
444468
308384
647686
94200.6
698356
252906
31157.6
764059
478.82
773067
443319
1352.34
718490
715386
322600
391186
150860
61698.4
724089
124473
581931
734798
26903.2
491281
49184.7
66915.8
493.9
726788
1170.28
371472
264641
7213.89
419393
20187.6
502399
25876
36505.3
184441
429462
508.94
783647
699766
176478
736905
478.82
13340.6
471297
34784.6
489747
136975
508.94
514212
288634
493.9
482247
306514
508.98
591641
151567
508.98
3839.69
280420
141303
2877.65
537374
734074
348626
367332
16378.3
508.94
358718
745472
139281
495411
493.9
788499
194729
691768
529715
622321
10821
493.9
278643
508.94
788200
796781
508.98
459589
46669.5
95143.2
508.98
47149.7
369821
106144
402658
546872
437519
12099.3
508.94
421584
508.98
34200.9
6424.5
508.98
450885
772026
2545.13
86492
353042
349357
9914.05
295244
426274
57764.4
42333.3
508.94
552489
81575.5
620721
508.94
381017
139422
84544.3
573336
508.98
744888
197538
414458
231694
708857
481858
3878.47
521635
141467
102006
506249
117086
207312
278737
76889.7
32944.8
10861.4
224372
478.82
396285
259854
112641
360334
196761
24824
478.82
25205.9
715784
292121
493.86
125997
662817
65826.7
763843
72026.2
508.94
284112
16831.6
478.82
506223
61639.3
108835
419.087
27434.7
2513.85
13224.9
3705.42
1775.41
612439
86498.1
312114
651216
169061
175803
160949
159583
33761.6
508.98
28.3
336037
319008
508.98
364237
735208
728881
87956.2
508.94
426907
758395
763107
603181
493.9
509014
242044
524915
745298
58328.4
666387
508.98
249676
493.86
475714
1093.73
478.82
345274
730135
384851
758983
112996
679301
188494
26747.1
508.98
33544
600781
12488.7
166703
3099.19
419480
493.86
747981
764868
508.98
416012
363162
27071.1
500114
1143.65
749874
99359.5
220714
493.86
456643
40039.5
774181
508.94
10973
677964
71721.2
153396
508.94
82644
488989
325634
781137
436596
7283.2
32045.2
768142
22188.5
508.94
758612
95861.5
465363
493.86
602075
780788
273435
774039
416812
766691
124884
741362
264857
683009
538741
754942
20837
600605
185518
478.82
8959.32
478.82
475563
7602.69
623850
416834
508.98
79005.4
478.82
759861
622912
677616
478.82
245060
493.9
262230
554204
33123.5
21771.9
665979
478.82
401435
493.9
21358.2
508.94
343202
493.9
766738
663207
508.94
740892
77576.3
35527.6
508.98
778329
204386
493.9
7319.86
596733
160789
58783.1
138995
594393
508.94
282275
27091.6
493814
452074
493.9
66417.3
665547
380049
106039
688781
437458
640171
626383
86300.2
669.09
411385
514168
793201
178197
358911
1738.52
104943
677511
272678
260935
754068
15339.2
508.94
97966.8
304802
710527
361466
30283.3
413569
665549
508.94
559979
338357
28127.2
47047.9
8966.17
114120
123524
277734
205265
140703
302460
508.94
75098.1
7309.3
84990.3
781840
241288
31015.4
208873
376482
512591
508.94
473856
536657
21749.2
664208
779052
741595
15573.2
548009
18600.7
144064
8769.78
779197
175747
20889.4
761727
2095.84
307391
67744.9
216485
277513
375704
447653
508.94
374975
311710
137760
626792
508.98
537404
121855
27624.5
493.9
42474.1
493.9
461.282
157544
188029
236759
258065
687812
388920
176620
6239.34
478.82
10193.4
316532
340098
493.86
155144
96780.1
24914
555190
47378.9
2932.98
59250
550603
791906
685115
7875.52
388067
646285
493.9
617567
493.9
57822.7
187877
508.98
787660
15026.1
493.9
226486
63837.4
508.98
318914
32654.6
493.86
17733.6
190134
393016
493.86
85512.8
76811.3
508.94
276343
314387
51885.3
1681
493.9
219104
770990
754879
307149
493.86
736112
378188
166655
737416
644798
45033.7
304085
45900.5
508.94
11531.6
625068
508.98
34974.3
8637.46
40076.8
252516
288386
543175
6856.64
240917
94497.2
704833
790379
31656.3
508.94
20374
776804
724853
74297.9
493.9
11419.9
288378
133314
86349.6
295186
638184
624545
493.86
29233
400490
527390
784815
508.94
7023.26
597315
380670
508.94
10005
237692
41200.1
406893
16254.3
219280
216940
508.94
9770.26
478.82
152952
109342
108902
188030
508.98
627062
712459
617506
177222
426964
33571.3
462130
776141
692784
508.94
46146.6
781859
82160.5
146622
23709.6
11807.9
690253
595798
571098
356017
493.9
681350
493.86
683678
111925
493.9
306975
493.86
754060
98449.5
141436
478.82
562604
493.9
507648
194805
181093
18061.1
508.98
404496
508.94
628978
502987
15224.8
120957
508.98
27054.5
608369
508.98
159399
30415.5
632667
57464.5
362280
493.9
580018
353060
32928.2
7663.15
686590
595485
37370.2
493.9
84377.9
493.9
29765.1
183728
22889.9
508.98
88352.4
454731
508.94
575870
452957
327720
4145.75
583886
493.9
325277
436624
77800.2
291324
751780
756942
24203.3
214058
508.98
41675.7
478.82
133998
204034
712870
174843
269127
493.86
18094.1
726348
493.9
118178
493.86
19074.4
221492
184085
544470
709806
659777
508.94
696304
675229
788370
638759
395540
535446
2152.74
520345
493.9
132199
2432.1
478.82
728477
493.9
81774.6
289012
302.758
261638
93549.9
592642
90661.7
3955.59
645379
493.9
747371
493.86
584337
508.94
93411.4
33391.9
748255
478.82
624796
478.82
561532
765786
712271
7128.97
238943
50466.9
478.82
693185
326.001
10037.4
3850.77
611640
138630
27643.2
193159
547439
361309
8443.65
64457
596896
508.94
286169
398423
668518
358514
14868.2
44009.6
646718
523753
609055
298776
419709
508.94
38927.1
464546
508.98
112746
499028
662637
508.94
3430.76
718144
48376.2
584345
477458
762762
12396.6
53371.8
609242
358311
4067.7
44914.4
10151.4
421932
10457
669450
508.98
143340
508.94
750666
94130.1
142533
707856
508.94
793278
12039.7
508.98
761862
469.567
508.94
732442
752532
708026
652166
792323
209387
590011
560322
128221
102131
81546.3
478.82
73594.5
629340
609009
95443.2
184056
508255
723834
443312
613913
262299
757666
423968
473394
158727
100843
181224
168134
478.82
307893
532419
478.82
37378.8
478.82
42959
261673
294901
64957.4
168756
722041
355043
92298.6
720458
716279
174933
754988
23290.8
764518
478.82
183835
67004.5
56817.7
75172.8
786398
501702
2072.96
28522.2
188747
462179
19903.1
462426
508.94
140230
82497.1
425998
649588
756707
627643
15351.6
493.86
38543.2
685592
28061.2
493.9
252236
470989
288157
788148
508.94
287114
508.94
2993.17
767009
277435
287593
150876
307055
17055.6
235493
6582.07
552710
484519
200096
19586.5
5759.58
493.9
13964.3
508.94
761307
226870
86676.1
173600
478.82
705754
159719
163067
673.745
395169
24428.8
478.82
294518
650423
701783
493.9
100544
148578
801233
508.94
9513.8
118714
766423
109220
335101
1227
459426
644069
72112.1
508.94
111465
325787
94952.7
4861.2
383898
18659.7
10244.6
439821
17238.1
5040.17
508.94
719745
55390.6
4197.08
763422
26524.8
501621
688679
135192
478.82
479778
361906
28631
508.94
721210
676762
635400
493.9
141960
471025
4064.77
5866.55
665508
12251.3
143399
743475
601448
720914
335281
508.98
420057
478.82
293789
65062
101837
248414
108.336
48874
92907.1
23512.9
498305
31109.7
542238
776715
49901.6
301377
493818
355556
508.98
642487
75238.7
7163.93
49609.3
359365
295887
448835
508.94
1071.44
25190.4
351880
580747
37277.2
456642
493.9
102268
202813
732109
383546
478.82
588305
648083
89350.7
595445
611971
51574.1
108115
493.86
709837
745264
10651.7
178209
17055.9
493.9
731192
544051
402267
146907
61710.9
665681
508.98
783441
508082
508.94
553257
508.98
294446
24559.5
29777.2
9787.14
785660
670440
793580
485814
784892
376475
317209
478.82
364853
233475
774903
212307
17295.6
551057
45562
177734
61617.1
14389.3
34984.3
94974.5
427.892
239955
89090.6
493.86
666430
400917
26017.2
10435.6
84.5404
796150
493.86
263700
493.9
772099
140144
4953.75
403786
508.98
109253
38918.3
781829
508.94
639616
9544.07
444469
47055.9
163311
35191.5
508.98
763761
493.9
561809
736573
154818
508.94
2687.63
256870
472610
88409.2
232877
233749
611849
493.86
3928.84
641126
568976
266625
581523
59954.7
493.86
13933.4
19221.9
493.9
611158
349209
478.82
126233
493.9
753419
171842
35652.4
478.82
58.46
396120
776222
787520
15201.6
746289
308934
508.98
20897.1
153608
493.86
141882
768071
588286
110935
510064
35191.5
493.9
43.38
235092
678536
172145
508.94
54092.1
35433.8
22389.3
762857
295831
465595
942.695
254856
108990
741928
788444
711740
734441
580264
74072.5
508.94
749802
17008.4
571099
508.94
79649.3
478.82
7952.2
599525
59417.8
493.9
55867.8
493.86
202156
51734.3
436423
26765.5
508.98
632055
508.98
105732
38754.6
700589
200523
508.94
792230
718818
620935
36976.8
30521.1
53529.2
31815.8
552580
26249.6
65866.7
99090.6
567736
16776.8
85444.7
624689
272050
478.82
128117
243568
69071
131408
50527.5
508.94
5026.77
478.82
19659.4
146253
88335.7
506536
28877.1
766826
3224.79
634369
409633
2594.55
15913.8
49724.7
508.98
567794
493.9
423361
695339
974.278
665447
493.9
122283
690590
271923
279437
188599
552821
15698.9
508.94
709337
330808
503107
350801
478.82
90903.3
493.9
310318
614119
186919
407175
568534
117722
478.82
427840
689861
411910
13025.6
97914.3
675065
41166.4
62554.8
311788
692943
409616
508.98
40404.7
769593
493.9
33997.5
280219
455280
288887
240988
493.9
324455
363.991
137257
7668.22
353759
539641
717703
632751
684473
286471
11242.1
508.98
733268
508.94
345385
508.94
177819
246221
48393.4
370409
1798.93
69094.7
28925.1
493.9
4492.53
158893
508.98
60965.4
682702
678611
100033
83853.5
59240.8
19233.9
441938
518483
257947
786671
236743
770003
105902
605465
49796.6
493.86
504502
130017
226748
697232
11561.8
12185.3
652982
133251
478.82
281826
94.092
493.9
344758
60904.2
516241
249391
25593.2
742055
528314
508.94
357079
22450.5
133153
771721
633302
259714
542831
401881
624937
128463
288219
493.9
776479
42249.6
10928
115175
390312
493.9
733446
763671
151184
685114
508.94
15071.4
691728
136221
20490.3
358974
413370
23842.4
107525
237910
508.94
767096
138.521
728091
103735
239533
493.9
752614
721008
70727.1
677923
1530.24
124975
508.98
638388
9951.49
628801
547391
41901
673763
493.9
168670
701053
6155.27
147713
1434.92
11887.1
400370
508.98
478428
508.94
254860
508.94
745999
286064
478.82
188999
504367
508.94
686186
744867
508.94
785739
118119
22928.9
777633
758718
281010
493.86
724765
793287
52193.4
85382.2
789639
493.9
125715
478.82
14249.6
455838
9344.85
688617
659554
493.9
20990.4
322331
111839
773092
508.94
333400
514776
2340.88
528113
96863.1
234075
478.82
292137
97140.4
213324
478.82
62791.6
105219
45888.4
604355
6156.94
704190
129816
619584
444414
67631.9
750628
704261
390353
51775.4
508.98
50102.1
12010.7
412829
589041
493.86
191539
252964
246876
621626
508.94
638939
493.86
8376.76
138886
93630.3
508.94
43220
113070
516100
225784
97024.8
574602
2869.86
43314.7
313149
168557
478.82
43635.9
493.86
363085
598166
493.9
150706
508.98
434840
113978
301506
31656.3
508.94
28.34
50336
597793
552790
73579.6
508.98
23973.1
12552.1
508.94
406729
381490
695736
23972.7
194620
280691
309504
508.94
21649.7
6180.82
175917
697633
381247
508.94
189419
91945
20474.9
573899
233967
427773
8324.16
618609
11332.5
673267
380484
133923
508.94
666277
493.9
228149
325240
584937
508.94
32951.6
747511
607.978
683588
675595
478.82
368759
625206
16475.3
520478
43145.3
787807
529032
11699
201436
565828
701142
493.9
45959.1
371546
194260
106082
662306
51752.2
508.98
756716
587092
130649
590377
76803.1
34284.9
609804
30136
508.9
28.38
690746
508.98
791660
136931
267756
15065.9
508.94
3135.48
493.86
746380
93.11
508.94
489910
256315
508.94
77777.3
702928
611715
148188
508.94
8673.19
44773.5
508.98
43817.3
92661.2
600826
493.9
647094
31461.4
15654.7
19033
138614
603785
678243
24528.9
206404
508.94
85389.5
50823
487641
741921
577418
37662.2
508.94
773827
746131
493.9
729884
357819
750382
493.9
58219.9
6647.19
681488
392802
595446
508.94
765664
18778.9
392084
478.82
190046
65572.4
478.82
545480
105021
748003
65802
508.94
300046
18427
48219.5
73204.5
604144
473937
279499
266738
748038
508.94
37535.2
478.82
789497
715040
478.82
480624
151087
478.82
11531.3
391702
144783
113290
758894
103818
493.86
388911
478.82
309633
478.82
636762
134322
230834
722907
612692
528032
730094
688330
736249
113551
218635
250990
293313
298854
555090
32929.6
693717
80766.6
373598
382265
675749
132300
447320
493.86
423936
93951.7
358520
50202.1
125359
507.196
51369.6
224156
552831
478.82
204956
37658.9
143255
702499
4629.61
508.98
61411.7
559936
51782.4
536456
751325
96465.8
7215.44
702701
729487
767994
302577
150079
478.82
45349.1
25334.7
9988.41
694467
774074
143.951
508.98
623425
478.82
766246
460940
74462.4
751690
33906.4
508.98
336922
742976
45465.6
1269.42
508.98
3484.13
78664.2
407928
240.413
323474
493.9
365514
508.94
249772
105715
478.82
73869.9
493.9
739122
385455
743150
61254.1
795343
717527
508.98
712592
478.82
262369
467576
730214
127919
493.9
794416
140459
18374.8
508.94
577150
283108
508.98
49427.7
676111
767573
478.82
260364
163357
169951
26860.2
70540.2
508.94
23775
8177.52
321246
493.9
40476.7
508.94
405445
47134.6
508.94
46085
599153
719751
22956.7
38649.5
783622
624828
493.86
566407
8089.22
24973.6
614713
350380
421782
598712
50056.4
282692
449944
90742.5
9410.2
508.98
253014
280405
611123
2395.71
493.9
268429
429604
10299.8
925.704
753201
262719
283721
309317
560169
85898.4
330307
22197.5
478.82
69010.8
698590
493.9
2687.64
493.9
64305.4
327189
17475.7
508.94
270050
768105
353743
235295
493.9
780576
106834
508.94
100589
51984.7
472835
120008
32035.7
508.94
41060.4
472642
13700
202616
8609.94
193918
499157
755617
191483
508.9
105542
180601
576438
48179.2
120735
514139
374562
109693
3423.91
225595
256661
396934
5393.16
29800.1
10650.9
772699
674387
362183
682913
140984
384410
493.9
210166
573564
478.82
137327
590774
681419
125289
701686
132370
655547
3780.04
74490
73062.6
53129.3
658316
222237
18503.1
790890
702081
12829.2
5919.24
478.82
8600.44
508.94
49921.5
478.82
785608
113956
469893
98502.5
704116
101135
492217
493.86
415168
334382
431013
6616.06
790991
419122
27848.8
784944
713225
34683
716488
783823
251986
12549.5
93167.8
607492
542664
577472
552177
75592.2
156079
478.82
18646.5
626502
146071
508.94
11420.8
131005
336164
478.82
103611
499261
790673
288445
48073.9
401453
59815
478.82
107776
30906.7
659858
8767.5
712996
76420.8
508.98
357314
120326
493.9
119717
782570
177355
149702
748930
160976
171525
662787
399786
508.98
149608
772305
17766.7
493.9
7600.36
492181
38283.2
417794
61085.1
508.94
500917
478.82
551455
52077.9
783733
4919.35
458685
755648
493.9
389002
265350
400629
651411
584559
462150
698662
12975
611847
697785
354157
478.82
432477
478.82
384896
18805.9
94523.2
70647.5
508.9
726481
244828
513677
28327
478.82
66630
304842
563935
303417
96226.6
218470
769105
508.98
31101.6
262536
372315
41840
508.98
766536
349450
4925.63
41168.1
371.287
9482.66
363634
56336.8
145818
508.98
572888
238346
2217.35
647627
132772
15667.4
556250
493.86
690998
354258
493.9
308388
697525
182628
29379.9
401599
508.94
657394
3956.17
508.94
328124
508.98
215835
255013
478.82
690535
40516.6
508.94
158347
493.86
15633.7
508.98
550833
142842
424881
478.82
11614
473476
185054
259441
508.98
246881
11434.8
2203.06
99318.5
342264
330278
493.86
742744
508.98
32963.5
343922
269053
765152
349797
744610
15158
309995
539348
508.94
213512
482739
508.98
756962
388393
508.98
684720
394686
6163.26
216367
483474
20878.3
390993
85500.8
478.82
72500.2
81223.1
619470
508.94
543150
181072
508.94
105543
750282
558728
7897.07
299394
689099
508.94
188728
150413
508.98
292375
57365.7
517383
508.94
158756
508095
764751
73613.6
739369
493.9
698908
508.98
736881
493.9
7734.59
316540
774499
117447
596668
493.86
323831
669661
201101
194659
508.94
641234
32310.3
508.94
28835
4640.77
60994.2
84381.9
4998.66
514090
4052.03
12187.9
35416.1
478.82
58.46
493991
508.94
41808
493.9
657697
2108.28
545983
565331
565535
794367
16304
23609
739858
422568
58987.8
667112
250420
508.94
340227
295807
57414.9
236665
385652
597235
728116
742884
495394
124579
31353.4
508.94
334222
493.9
66915.2
493.9
589923
513276
480454
449567
547.676
46306.2
493.9
311802
779219
748008
11261.5
730177
299832
72240.8
508.98
540859
794520
508.94
596494
610539
753743
96002.2
478.82
340098
493.86
667149
51296.3
7111.16
17431.7
459079
91049
501695
702667
804.944
593341
411967
651440
275512
493.86
784176
598128
35296.8
1515.93
281437
794551
21669.2
508.94
117746
67297.7
493.9
461693
99902.6
769846
342367
358617
478.82
133116
232584
150096
33725.8
508.98
600995
535798
99510
508.94
282457
38333.8
493.9
666400
315464
725642
533797
493.9
392600
173822
478.82
79084.4
478.82
138862
16000.6
164085
606691
652241
322955
228552
75592.6
756291
140461
42280.3
175885
52334.1
395436
493.9
353761
11040.3
55913.8
159021
493.9
162367
12538.9
478.82
44718.8
432353
647137
508.94
580073
42371.6
134975
712697
132363
11032.1
493.86
491152
18290.2
5935.37
177389
741909
399857
478.82
724743
493.86
337871
293827
493.9
499633
79635.3
616904
609288
17071.5
508.94
595979
781518
493.9
561468
437548
508.9
677993
16626.5
493.9
665086
493.9
245279
478.82
747958
508.98
324179
510013
621532
650675
750024
26012.3
564976
764800
647735
2045.63
88815.8
30352.5
332056
53215.7
39107.9
530078
83810.1
8310.03
154048
128167
508.94
108370
589147
781065
210353
156802
288621
167992
110215
5533.9
616824
493.86
624160
656226
1466.65
58231.7
599882
22691.9
681236
15892.1
631099
493.9
32822.5
7188.77
771075
508.94
2321.97
508.98
523124
283742
380073
659541
478.82
4433.62
508.94
2637.88
375017
678925
478.82
71874
452311
350275
193136
419584
724468
312396
493.9
102770
1066.91
93153.6
123037
508.94
136889
508.98
67176.6
65838.4
508.98
44487.1
784953
700041
16834.1
485632
508.94
434402
508.94
640604
13640.8
248311
330118
493.9
186804
464601
17176.7
4813.36
85511.6
493.86
59991.5
508.94
3812.71
13455.6
760147
450342
73918.2
760918
493.9
642292
493.86
713595
682815
250912
12047.4
608.711
493.9
25452.6
36798
508.98
48958.1
508.94
636086
493.9
8780.48
732661
493.86
464665
508.98
252096
270034
376419
27809.8
398609
2950.98
508.94
1772.05
776473
742003
493.86
176727
8.92251
84177
349792
197613
493.9
76694
508.94
85566
48908.9
731143
644803
590857
794359
493.9
732485
176337
794088
664905
7344.63
493.86
488290
478.82
107964
493.9
20329.9
508.94
135970
661090
647225
266265
677040
614558
72794.8
226011
347380
209154
478.82
174218
242405
344327
386650
555796
205494
775137
303093
687.45
22340.9
212039
216685
681221
375062
205139
331960
195.583
5721.74
508.98
561675
712875
7675.34
199580
502099
285191
667022
622976
493.86
68504.9
72437.1
216804
389003
52783.8
39115.5
691331
450734
357141
67391
274389
478.82
613593
80618.7
30053.9
508.94
650741
405898
508.94
159322
376424
383680
380665
149461
794384
226521
493.9
585457
81597.7
413228
147174
712079
598781
64360.1
4501.59
467659
427257
307652
688287
325905
39853.4
6127.06
508.98
479226
783545
304107
107463
493.9
597026
508.98
92191.6
4090.17
174428
43242.9
386013
508.94
777557
300948
99639.4
686935
508.9
759954
652711
201848
677018
12275.8
508.98
225745
98688.3
2880.24
743919
561618
17604.8
776349
124087
508.94
203315
542451
508.94
798076
508.98
594468
606288
51076
777048
763511
64108.2
691443
22042.3
521576
323647
618342
508.98
532602
115380
68899.9
493.9
60830.5
149374
508.94
725511
468043
118405
245488
91732.4
5668.24
493.9
81248.3
18410.9
170215
421843
18632.6
51338.7
553785
768889
477493
115479
105353
3689.84
226715
478.82
584893
35827.1
626544
602300
506716
142985
493.9
258884
493.86
112078
611825
733747
207611
548646
602456
345055
30666.4
493.86
77926.7
478.82
192390
671797
62314.2
797110
745703
508.94
315632
70478.7
41053.5
323260
441979
493.86
103323
478.82
511107
394109
665732
16131.7
508.94
779245
766331
794000
126239
227933
668721
689494
493.9
153571
722805
733580
508.98
275955
301811
54469.4
762929
763469
73429.4
493.9
692167
662480
785886
493.9
733638
508.94
334049
490679
700224
2788.85
77526.6
114875
20331.4
548197
508.98
230678
493.9
47605.7
493.9
158112
338823
508.94
205809
183.322
167401
1549.69
62466.4
90008
49832
250166
44717.5
38788.7
705594
406987
484552
701534
8149.59
571593
508.98
107968
303117
39783.8
547904
508.94
586866
478.82
293538
32799.6
640001
493.86
40510.3
550481
17452.7
19007.1
683404
704544
273857
241804
722565
319.432
84850.4
394607
508.98
76539.5
543774
508.98
77450.5
508.94
538733
261381
505516
1406.84
508.98
282463
544289
591318
105210
493.9
409952
355398
493.86
71390.8
361236
518830
775705
707826
759671
647007
33047
375537
321538
278127
484411
745979
39483.9
184717
735459
75605.7
515957
719990
88817.1
523453
338068
493.9
580402
25026.5
616169
377207
309318
629065
27762.2
493.9
120330
173549
581062
72560.8
179744
404449
789060
12201.8
62354.6
53196.9
233243
524847
303638
8926.32
21641.6
19572.4
380991
82830.2
508.94
384579
3959.43
430956
508.98
255942
314926
647791
794984
1180.44
63518
84280.5
116110
3118.94
687712
443637
76806.9
122280
69401.4
352979
55147.2
655720
508.94
326494
84939.4
591874
508.98
552809
701966
493.86
218124
786818
172277
493.86
19709.1
240148
508.94
74488.5
503224
129922
68685.6
139713
474116
540175
156332
218982
668879
508.98
171525
493.86
6360.95
789107
790325
478.82
523221
58411.8
3314.13
328927
18368.5
508.94
742014
779598
680953
21800
1194.84
493.86
186618
359838
508.94
18918
26077
65380.3
493.9
786810
478.82
19799.1
48825.3
472217
10401.2
3451.72
197704
636267
762637
304906
545123
493.9
38901
790211
788497
105912
89127.6
478.82
10292.4
406545
146783
737018
163641
508.98
60364
508.98
116319
25917.4
493.86
60219.3
413720
508.98
198316
316002
549909
676462
23247.9
220980
478.82
122993
171931
140370
711268
3449.76
118997
495258
390689
67946.5
5618.54
478.82
8349.86
794812
35324.9
197414
6182.06
508.94
156672
493.86
676699
508.94
23938.1
3231.27
3396.07
484265
493.86
135839
733898
476567
550058
753876
4225.88
478.82
247315
440110
327673
493.86
243824
201944
423342
243297
728399
23.2637
147293
493.9
642444
621423
95058.6
124336
3554.15
473762
97525.1
508.94
443361
594166
478.82
210936
351713
599282
352970
617577
627697
322917
113848
203276
154930
1012.38
248474
249595
274089
751091
243346
720750
94881.4
501850
29311.3
128403
84896.2
178693
670885
588594
9116.04
235437
447337
478.82
594274
798029
493.86
686675
486222
25268
503325
508.94
711379
690881
508.94
229687
352045
778275
26611.3
478.82
132480
566685
585227
120843
186444
535167
89666.2
493.9
714288
758880
478.82
243596
493.86
725876
352680
3000.48
311770
16573.8
324672
151778
221602
493.9
16786.8
723286
782368
1489.84
125289
438621
662605
326773
1871.23
493.86
733372
555041
70449.8
257677
608890
645765
730094
508.98
5919.03
109492
133112
308788
437192
493.86
770092
715991
772136
18718.2
627701
153854
363528
764440
508.98
38924.4
2379.84
72645
51683.8
478.82
145709
493.9
398583
464172
164518
16507.6
508.9
729857
252107
268414
592302
10004.4
493.9
285404
723919
615078
493.9
727023
762043
84949.7
754529
9608
900.362
293283
508.98
745158
493.9
732824
542606
493.86
314078
88294.6
493.9
181908
27550.5
27285.5
406712
192121
167704
493.9
568594
496539
7482.6
508.94
29409
590946
493.86
210241
699022
45005
621070
34445.5
632468
522253
426115
491924
31643.7
59656.9
508.94
644.006
453114
493.9
57589
231710
761326
13347.5
683546
266202
556800
85664.5
108447
493.86
5939.14
508.98
137017
664945
228559
625858
730229
310642
375796
508.94
18829.5
116527
618127
749629
78566.6
239003
478.82
583462
478.82
483112
776145
518414
249819
27620.7
30136
508.94
650390
339088
246931
531603
762282
782630
508.94
768476
341.226
508.94
622211
32287.5
778829
204535
283608
145.246
465545
478.82
97925.1
104745
508.94
269603
314848
46766.4
286166
493.86
652270
110662
102421
493.9
796972
12203.6
684730
163339
493.86
185789
49957.6
700025
76210.5
5117.31
266146
40504.8
493.9
5065.92
257964
353332
508.98
8275.98
3085.25
140150
508.9
356225
652890
203135
568576
581280
705900
76394.8
29321.4
144019
62840.5
649277
160607
508.94
675110
350778
68913.1
746093
50866.7
172800
508.94
76.9337
747056
508.94
765850
14631
715878
427471
313024
240933
227476
77643.7
690832
493.9
144335
478.82
19076.6
137847
208053
26202.6
116055
188374
421814
478.82
630380
220529
508.94
637496
749300
484427
582902
52456.8
119338
493.86
764712
772010
438663
218820
493.86
779566
131192
508.94
258630
754619
5087.17
610620
18859.2
703004
713.636
552998
23156.2
508.98
129006
109279
493.9
168841
710747
1059.67
192201
478.82
231983
284227
361926
745343
23025
493.9
778786
41782.2
508.94
641725
21671.9
508.94
130255
1407.79
493.86
189223
508.94
271082
1387.93
460770
33765.8
403885
245424
428583
2446.22
27981.9
478.82
26903.6
164479
4367.99
181637
575755
53102.7
407284
265128
257930
508.94
765826
792745
60211.2
54380.8
653830
508.94
19361.6
540476
426860
682523
493.86
540795
473948
1060.94
493.9
51033.8
478.82
503445
119368
388220
518881
712272
725556
525141
493.9
209723
677207
12790.5
35281.6
508.94
613312
478.82
102307
493.9
631425
103850
12484.1
493.9
98502.2
204833
78545.1
590449
578885
493.9
46589.5
134504
127473
700594
61345.9
332380
7788.97
493.86
103921
508.94
48025.1
63182.6
43587.5
340185
658360
120657
266295
71956.6
201325
493.86
787007
508.98
626470
125682
493.86
491264
478.82
13305.5
35838.3
508.94
710830
89093.9
327018
680120
478.82
92669.4
29056.7
48171.7
7224.47
8848.16
6216.53
61488.7
95245.9
493.9
741310
635055
493.9
729809
493.9
533077
196.066
370547
273751
508.98
284207
56424.3
487153
320547
129435
508.98
742714
493.86
156628
31914.1
139902
83797.2
762891
225045
493.9
766575
286979
781857
103821
122297
35310.7
508.94
793317
35958.2
508.94
283359
35689.1
32748.4
445737
16257.2
1690.1
34827.8
693147
231041
493.9
651655
730241
253068
211757
117459
153882
403629
83607.2
685432
565443
761005
758732
282737
493.9
334833
327371
2848.2
508.94
90212.6
508.94
691161
249895
493.9
382826
508.98
644451
725735
394894
440020
219611
205965
401119
48063.2
130763
23732.4
95414.6
101522
24336.8
447619
493.9
284727
21851.8
94601
640587
493.9
294.776
157690
311370
42407.1
493.86
27755.4
393045
508.94
267607
86316.8
261693
508.94
646622
493.86
635901
24544.7
508.94
237098
25797.1
45461.4
417289
103021
10881
132299
323759
493.9
751602
122957
200819
73716
5930.67
478.82
35824.7
447696
49812.3
88290.6
303040
269473
11063.6
535308
787929
33005.1
784546
177189
141380
478.82
354231
297807
338704
516143
493.9
707646
1656
757491
594565
339651
58053
29.23
49239.5
24371.3
13498.7
34560.5
703430
493.9
12320.9
344905
47034.6
535616
493.9
710732
733345
2246.78
392247
390803
767925
508.94
322904
25191.8
792150
39161.5
519335
747573
159054
12833.4
780533
703256
612527
159752
73859.4
33120.7
75137.1
462362
11927.3
553847
684482
427692
891.728
32313.5
751540
256413
508.94
756074
220809
745063
726430
40694
83189.1
109798
949.111
493.9
256228
508.94
439591
493.9
96025.8
250623
289125
599370
63216.9
12064.9
61434.7
255081
90292.6
436326
55408.8
478.82
793843
212878
493.9
273183
478.82
217144
65875.9
597710
21953.7
686907
787331
478.82
747684
3438.53
12877.7
12736.1
508.98
441153
228857
80266.5
643244
756603
6215.81
478.82
20557.7
211291
7026.88
2963.66
82498.6
486047
613355
189789
38727.1
508.98
458548
493.86
215119
13006.5
281628
307902
153878
175479
297453
246358
344458
22369.1
177366
581916
596214
173227
570912
345946
147569
16992.9
702059
5070.34
6243.1
720224
493.9
622695
669129
75422.4
237124
42149.2
1480.04
6022.74
631647
511185
578088
94589.9
528358
493.86
51527.9
32082.9
478.82
33541.2
619045
726149
493.9
93741.6
182257
443287
493.9
561785
508.94
379761
168951
493.9
85570.7
71997.8
200090
478.82
501873
294608
478.82
609290
493.9
147412
554124
508.94
44059.7
729578
75865.6
600097
656068
478.82
73688
249934
443938
735539
103988
748822
243465
285181
771252
364.248
13431.7
759191
26327.3
211777
77506.4
540554
15399
478.82
756324
653290
191397
773785
64949.3
508.98
768147
234156
478.82
108110
390560
493.9
476462
478.82
38605.3
553873
11112.3
572252
132086
309733
564986
210670
268.223
507041
373124
321098
8610.52
2568.53
766314
1995.91
706371
179956
408727
708912
493.9
467041
65.6943
508.98
277949
397854
493.86
5492.18
291022
39439.2
764604
646233
34309.4
493.9
137005
493.86
146001
503895
69905.2
436393
160010
663872
493.9
778909
8492.18
27342.5
722407
16543.1
449343
48255.8
493.86
2119.42
22984.1
116466
721678
525495
508.94
669795
771191
5838.05
140914
508.94
118300
84818.2
514023
218421
493.9
7154.94
32628
493.9
70663.3
519983
508.94
85020.5
154933
581406
519736
9196.03
633311
43313.9
721581
124838
269986
363204
385860
49108.6
478.82
58.46
17643.7
496798
478.82
200462
508.94
755974
232381
493.9
1886.9
764361
740020
75097.5
343893
761334
474687
327903
512864
195539
106865
311045
546957
361809
54638.6
143010
493.9
107275
493.9
3702.26
290310
508.98
4929.54
74419.1
676419
229644
8644.4
361083
84106.2
200234
34886.9
508.98
584890
494037
478.82
548647
508.94
112475
125120
5888.63
508.98
518807
645198
488765
493.9
748638
732054
5867.28
727568
508.98
486564
14463
129199
493.86
96673.3
530275
774396
508.94
99522.1
478.82
782901
246766
786455
8588.01
374033
484632
58347.4
578720
722739
201880
478.82
434997
600682
508.94
261227
490445
67505.4
408038
646684
42274.1
685338
508.94
57260.5
686396
344212
121681
288146
769905
215285
3275.15
769321
708156
466054
508.94
269192
508.94
51650.3
60869.6
137878
142394
277066
6540.19
185406
746417
7387.47
167898
145773
541603
488772
296145
283402
493.9
663855
227008
604836
49732.2
488330
167518
208848
478.82
386733
704380
357395
478.82
298994
171361
633400
738045
290090
21066
389535
493599
493.9
77596.1
100138
462080
508.98
13780.9
313620
144546
508.98
563527
508.98
712626
18859.2
408026
684917
72699.7
355613
93556.8
3905.94
685331
508.94
38051.9
326181
789521
286166
257293
22702.8
224782
753332
412661
263607
15318.8
274388
314556
508.94
11067.5
301561
493.86
610239
508.94
682365
493.86
775793
421051
554523
505454
47836.6
676021
19463.7
743171
712922
478.82
90629.3
508.94
294460
797738
493.9
357258
508509
508.94
677314
301866
146457
508.98
590771
252234
194046
70197.4
3101.16
777368
622764
30082.3
32218.6
339519
297829
439479
71343.2
656782
747702
7839.25
9272.5
493.9
705975
8865.1
317749
88683.5
33264.5
508.98
669213
613898
698507
508.94
51132.7
707292
126899
749460
493.9
12913.2
578638
580779
151581
195827
382181
76761.6
2867.7
76052.5
493.9
265185
508.98
439243
382652
372546
508.94
225864
47208.9
744057
151456
167503
243975
285107
476508
726790
66364.9
508.98
221189
493.9
30537.5
62884
229170
5360.41
508.94
402183
458098
407877
191264
508.94
61745.2
10628.3
714377
54342.2
508.9
97742.8
508.94
16433.4
289168
139365
508.98
618500
508.98
108435
261083
114184
474198
791603
397869
508.94
337304
508.98
792969
792792
493.9
6716.14
580.118
297087
368210
734051
707773
180006
560127
152507
771244
147290
99667.1
508.94
279234
475060
7664.98
419700
774157
478.82
705222
785062
355320
327669
164764
508.98
22616.5
704901
671870
471807
169228
493.9
520845
83546.8
45619
765686
508.94
16799.9
493.9
238243
7852.76
9947.21
86532.7
508.94
85375.3
478.82
567535
743643
607537
636211
218898
57698.9
493.9
436782
724697
558230
703135
668642
613915
508.98
76794.4
69938.5
139419
508.94
266831
493.9
654145
153659
142511
9238.26
646058
478.82
397450
568186
136073
110800
90205.2
435740
508.94
222390
352013
201783
132788
508.94
774928
634665
6367.48
60449.5
791993
764249
54568.9
84603.9
168036
493.9
314620
1306.96
40966.4
508.94
68021.7
473107
508.94
86694
664732
293275
493.9
449479
273117
232790
340463
478.82
42143.4
508.94
279846
18377.7
49679.8
508.98
549336
748277
684201
41456
36894.7
508.94
432587
493.9
505549
66619.8
661403
829.98
729371
493.86
5547.23
379376
329816
478.82
680580
85561.8
210784
190733
442829
748815
508.94
655173
601346
190447
160831
93836
403790
86155.8
38221.6
199432
39091.3
541355
489919
127413
140290
32578.8
508.94
337689
415773
508070
89098.5
754892
493.86
6337.94
1084.61
333112
12497.9
149289
493.9
669628
546778
493.86
750365
762471
27398.1
493.9
645973
199436
299728
650002
14173.1
105756
85006
63824.1
11102.6
508.94
178.365
154132
419993
783143
42929.8
579319
508.98
11031
64419.2
114089
448344
28977
83437.5
319780
52277.2
595106
610607
31132
618306
708275
478.82
736190
41350
725252
774714
8419.05
394451
608038
223424
613682
465172
38652.4
644184
492212
522517
98478.8
131064
9103.78
254155
21177.6
292237
244237
1420.1
148199
508.94
20663.5
94210.9
579850
769586
250478
27692.9
795384
79156.7
581691
101377
743769
18881.2
657140
251926
493.9
721154
33761.6
478.82
58.46
628503
493.86
154371
496309
8059.53
508.94
420720
778339
762822
76334.5
642678
163176
783185
493.9
8383.77
611352
690323
632953
301039
540702
493.9
596839
29754.1
530872
386783
373031
71424.7
508.94
11101
291658
84584.8
10094.5
245268
508.94
384971
597073
508.94
604509
156501
775935
150798
579159
698512
90962.1
712756
761540
650627
239713
679097
595904
237339
703339
153646
550625
508.98
662964
493.9
99673.4
534658
212767
52043.5
31624.7
56343.3
3508.86
675311
3944.49
430284
680105
244561
37102.4
121825
602917
764931
73384.7
655368
32146.9
792164
538850
14725.8
2551.49
16893.9
729618
19990.7
33111.1
56539
561414
432521
118305
173188
659810
1716.27
308107
178057
620654
283707
7433.21
151843
585295
75261.3
67210.1
508.98
5145.69
7107.3
591289
619600
508.94
727849
648959
509661
5395.91
493.9
9564.81
493.9
420428
396452
145180
568718
709611
508.94
796772
344158
11874
400590
3931.26
438888
574453
34827.8
38604.5
731802
508.98
439438
301603
493.86
69226
7456.17
190900
757223
478.82
685063
508.94
473635
508.94
772500
508.94
668536
101596
493.9
502324
35202.8
493.9
43.38
18654.9
262.111
779203
522998
508.9
98376.5
541242
76869.8
493.9
742498
142648
69479.7
232497
295784
339856
771340
679344
14301.3
754281
431742
508.98
193569
268277
190682
40248.1
508.94
96289.2
390509
63800.4
508.94
398588
694625
37367.5
508.98
624699
42080.5
508.94
134158
80472.4
457996
687487
493.9
440624
508.98
54115.9
53749.6
508.98
75259.1
79170.2
530803
760279
6173.43
615271
205497
260022
505466
615932
748510
246425
476271
493.9
17200.4
508.94
426977
161189
493.9
88955.1
161305
4357.53
613371
6793.03
508.98
47521.7
520771
13467.1
762102
537314
508.94
12322.6
610308
197699
67971.7
508.94
160234
38798.5
16274.3
493.9
5454.78
384117
508.94
7914.65
485050
593628
5301.89
162787
737847
227838
129253
365089
508.94
628879
478.82
1493.47
397946
151893
325279
508.94
600112
99877.6
253381
508.94
341198
6004.73
9093.79
753792
571756
104414
493.9
36884.5
594450
12639
35319.7
126354
508.98
750462
7185.43
641035
508.98
605257
776899
493.86
730044
493.9
342871
429187
395364
508.94
6925.22
126473
659325
590394
8717.05
256584
20070.8
235721
110004
478.82
359263
484057
705678
134514
197079
747205
125554
163876
6195.52
573760
508.94
447976
13304.5
262589
492123
508.94
748239
119597
343350
7589.42
78186.9
508.94
674009
166574
506295
119875
493.86
783834
15272.6
171844
508.98
206823
17480.1
761957
478.82
340958
493.9
563790
508.94
116832
23308
460317
14558.6
8375.4
227488
521530
199856
139674
102257
657531
478.82
32037.1
13395.6
493.9
637804
82236.2
152365
69790.3
181443
508.94
654071
508.94
547781
493.86
460530
472697
355330
492011
478.82
711468
618836
165169
92719.5
508.98
721593
67230.7
161551
493.9
40444.7
478.82
75735.8
2768.78
173428
218516
24739.1
478.82
227480
164100
769586
67814.3
183397
2402.95
682056
236002
517525
18529.1
384137
97250.3
521441
59036.8
788751
508.98
245737
4876.2
508.94
600621
68527
602262
346774
174319
478.82
16651.9
23209.2
199551
565738
252939
730321
520497
1007.91
612016
493.9
17629.2
450205
316225
206342
478.82
34251.5
228675
478.82
66462.8
796426
508.94
514811
508.94
35740.9
8838.13
93009.3
261225
470755
508.9
5113.16
108281
493.86
230483
508.94
498232
18369.8
8837.55
205514
508.94
781800
514131
84203.5
3650.5
283930
4780.55
32388.3
783681
789980
587951
693574
350284
702996
43352.5
57112.4
754894
375463
2753.8
340134
493.9
688509
26598.1
784240
1007.9
257691
493.9
551628
303010
550163
12408.6
2456.5
758161
29129.6
117162
128742
231397
5010.93
508.94
736054
670739
62559.5
30475.6
508.94
375362
385343
508.94
136841
3504.82
306539
34493.9
664351
1245.81
136085
494351
10825.1
456465
508.98
794141
87981.1
780237
35002.4
3840.9
361180
246630
508.98
405774
493.9
314783
493.9
31694.5
233585
194974
26562.3
602734
111329
426819
511057
444445
31710.2
775268
146787
587856
712746
10671.7
74013.7
508.94
28.34
218412
493.86
263920
508.98
18112.2
10234.1
156921
493.9
76232.9
8285.34
13281.4
478.82
48026.3
222788
508.94
61513.1
221786
207308
283862
166291
635629
411136
147738
623539
663500
354338
206892
493.86
157241
141527
493.9
579895
61676
362148
737158
478.82
51151.9
508959
294740
91657.7
279086
553978
47626.8
609076
69031.7
143283
121670
275032
478.82
651005
9443.2
475942
139917
196935
8922.78
214681
729763
637082
508.98
691150
746.677
648597
157172
655986
478.82
15324.3
99996.6
508.94
11593.9
369374
478.82
749427
508.98
603237
583013
237020
47126.9
62037.2
563721
44027.7
508.98
785388
72649.1
755931
781422
50516.5
493.9
43.38
446282
520403
54194
4501.19
666624
478.82
735242
152469
286652
258236
771422
787313
81506.2
11196.2
48105.6
169375
282680
18050.5
66154.9
508.94
48999.9
478.82
1142.19
508.98
387941
77574.6
508.98
400435
414068
142604
764865
16138
35135.6
179123
508.98
79423.6
211475
97821.8
513193
63528.6
680594
142102
167257
18371.5
371228
7459.14
165870
508.94
591666
104319
508.94
671695
672575
508.94
1313.2
778170
2689.77
145387
508.98
582557
28884.9
508.98
75943.7
451325
721882
18048.4
152814
1636.4
56121.3
493.86
245129
549181
570124
237101
76445.2
63169
493.9
689063
50078.2
23584.5
5040.13
167380
72687.5
52718.3
451774
508.94
711183
263346
493.86
88667.1
493.86
294025
67163.6
732443
600718
422952
685700
576301
27251.4
698781
20277.7
5552.64
508.94
32142.4
20289.7
478.82
171417
478.82
5132.33
508.94
53592.2
62283.9
97630.7
787566
6402.92
508.94
16903.9
579543
299665
11875.2
726974
15479.1
493.86
24685.2
380147
166756
707441
512617
5382.7
60611.7
605106
665130
360244
296730
579630
15102.4
163119
491601
2940.43
23422.6
508.98
138884
742515
493.9
420628
508.98
58490.1
508.94
151950
17347.5
11596.7
31825.4
18034.5
478.82
235973
771962
477332
65070.5
746519
508.94
96910.1
10226.1
314496
758682
75.5454
80795.2
508.98
394316
706684
91235.7
719751
779646
9065.81
158979
33512.4
478.82
533619
124074
401483
626251
386613
192449
110297
7809.09
284076
508.94
18011.3
11703.4
191163
92854.3
550673
558996
493.86
52789.9
88029.8
503796
4487.53
45376.1
9972.49
493.9
665339
466964
508.98
427742
551797
508.94
469130
776868
67501.1
508.98
60042.9
221111
777657
29762.8
168214
108202
248379
66401.1
359.112
23216.9
624922
684109
474962
459109
3433.34
116430
104612
256426
17687.9
493.86
966.62
256002
508.94
637819
717417
508.94
752044
130909
508.94
115431
508.94
309623
493.9
654518
1093.65
786907
38197.3
135035
459040
448995
751690
94078.1
7996.02
17936.8
82002.1
508.94
517678
706473
5228.38
104711
493.9
610241
478.82
44189.9
1355.58
209488
312166
61166.2
52811
508.94
12343.4
54317.3
20965.3
57143.7
269647
690852
508.94
142050
18318.4
28397.6
184965
508.94
51263.9
136413
493.86
198056
508.98
397833
249468
483362
786795
792856
732039
607509
49857.4
508.98
329639
29787.6
508.94
153038
478.82
499210
460787
344305
508.94
1544.92
408330
104416
508.94
307256
493.9
529666
639459
4048.95
186866
105259
233491
86897.2
600281
508.94
44657.9
318585
493.86
766098
114114
775266
27450.6
176017
153711
512536
351281
622608
594629
315227
370098
183216
767061
30943.8
414.809
791636
308943
508.94
243993
757779
736412
144476
352269
45407.9
202902
580156
32663.4
332277
67508.7
792619
493.9
444132
734619
744448
484373
177909
605709
643912
508.98
165025
779732
493.86
590485
258433
493.86
630618
405476
176644
203956
493.86
87239.3
46478.1
465446
508.94
111891
374762
493.86
737127
531075
635154
392886
178080
508.94
68916.9
746525
9475.7
508.94
67983.8
504035
707.196
555033
87272.2
508.94
258060
493.9
214610
518311
249875
671661
201105
12594.6
17592.5
3111.23
493.9
604405
583439
45648.4
493.9
234651
659465
493.9
84967.9
764805
378699
478.82
20062.2
496664
91358.8
73747
698975
478.82
665969
508.94
348.153
723182
467115
508.94
238338
200812
207178
249136
465723
310298
682364
582738
48509.7
738788
6496.18
493.9
156731
10127.3
343004
412839
1358.17
551723
204796
4969.62
675713
158480
414748
712741
91577.7
714161
420905
143665
791405
84400.4
7370.21
661051
286545
262925
555566
779531
32679.6
308083
96023.6
709838
373188
452385
493.86
590646
2907.8
364750
568.768
22025
719664
46543
508.94
26135.8
4972.62
508.98
406343
17659.2
56310.1
492987
19275.3
7116.5
508.98
342130
55093.2
250326
82754.2
321636
605145
792099
614928
493.9
10173.7
371934
198026
213162
709047
364562
1551.75
62928.4
53039.7
381982
493.86
796754
75653.5
211938
508.94
539195
704082
97177
467680
508.94
361.552
273634
534098
370120
425933
518109
115604
634904
729055
620412
645471
508.98
94773
37133.8
667751
655289
233020
508.98
229522
276460
308042
373934
347949
493.86
216839
785705
493.86
544048
508.94
239827
770173
215326
237095
1685.54
478.82
486173
684474
493467
2984.64
361638
29454.6
493.9
792416
743675
87887.2
499562
194061
40050.3
744339
23069.5
34598.3
179273
181317
495419
594459
224381
478.82
38394.5
508.94
30774.8
317268
449384
665722
430945
760297
124825
290530
119855
478.82
451891
504398
194648
38723.1
116667
342447
127570
736118
487815
625627
189954
611798
87.9719
14845.2
9868.03
508.98
302343
112782
690416
493.86
212161
493.9
455738
547157
478.82
513931
380530
4066.61
128422
602368
249159
667405
744986
508.94
493883
770962
22770
756464
88652.2
177029
157901
55863.6
1538.21
39116.2
478.82
321699
486018
703153
13960
12964.5
59352.6
321305
661771
27478.7
455262
97858.3
31938.1
508.94
218461
508.94
26867.3
124029
219927
508.94
719072
97353.6
157990
231532
508.94
721691
357952
356361
329447
508.94
505857
586400
74808.6
60964.3
42987.9
20889.4
297192
508.94
18041.5
722470
247435
508.98
230257
19941.4
735589
4551.18
3977.92
226748
508.94
13226
181940
413404
617199
759028
6943.85
34076.2
478.82
218278
508.98
722653
508.94
592849
4973.88
143199
520659
698308
480738
744243
10253.5
198642
240939
17256.4
669836
566452
284245
138503
37538
516237
334807
478.82
228332
774828
613580
332455
578556
745024
142307
76185.1
508.98
75823.8
508.98
15869.3
1074.02
156475
728205
106196
702010
534806
508.94
713235
731739
120995
272001
483369
18545.4
736550
141623
768753
508.94
76157.3
493.9
462476
493.9
301404
761238
468922
16492.6
227107
693284
279257
167904
755941
472623
493.86
259992
3315.87
534449
357117
749299
409830
21403.2
613530
493.9
291118
508.94
695917
772906
617089
496017
493.86
72177.5
579291
244712
135958
87920.9
162598
773041
449423
508.94
36486.2
628875
99522.5
423625
240452
106515
493.86
127740
730357
134656
216236
423549
508.94
107240
478.82
17347.3
493.86
11313.7
259321
75269.5
81408.3
126793
423013
478.82
33902.3
309377
9352.82
504624
478.82
27122.1
508.98
307189
184323
508.98
752252
26471.4
508.98
173021
579985
699247
14398.6
282161
242461
64.734
395398
206285
17384
514227
508.94
33045.5
190638
65184.4
624612
125695
478.82
142118
786965
531677
508.98
642330
766087
20348.6
162436
621588
538097
749311
244259
711924
641784
31602.7
2794.25
670224
729566
8086.55
211354
193748
508.94
16415.9
12113.7
104040
468200
789686
503652
290687
339690
284420
231513
251633
478.82
494794
493.9
410870
745844
508.94
317766
364211
704435
176368
6213.19
508.98
563312
380305
728627
63140.4
133481
201725
728362
41793.1
257443
6415.15
240855
322043
682273
24006.1
418497
508.94
262199
717760
493.9
130051
530455
696268
586764
634815
508.98
590180
5471.47
70116.9
43175.8
164012
536936
793559
393537
493.9
61829.5
3676.32
382769
735959
567642
474291
548112
511314
305839
241989
383532
4155.54
607552
242880
578667
493.86
141075
676310
742870
493.86
568440
531884
63783.8
313261
371162
493.9
573055
27.1262
121403
100.512
493.86
205868
398191
230843
286526
493.86
397360
711363
11993
109817
370720
493.9
113984
734428
37195.3
582982
109831
508.94
500786
417724
478.82
683619
661646
508.94
63388.6
767929
389215
541487
367947
265798
250143
439453
493.86
98151
71656
7569.27
508.98
504483
659750
306700
246899
795025
141967
64015.6
559420
493.9
19697.6
38696.2
97851.3
493.86
268961
770363
625253
68726.9
762680
641000
570743
51608.7
655089
63484
801947
478.82
318295
107969
603505
664286
718811
15709.8
722494
113649
51414.4
70010.2
74661.4
47330.9
242175
672162
233671
41701.2
508.98
93342.4
493.9
750097
13947.9
22358.1
562.339
528651
66847.9
508.94
112895
508.94
83487.5
508.94
486432
764855
45109.8
478.82
349538
327437
37751.8
729193
23411
635971
35542.7
611582
274855
764809
508.98
74276.4
7689.53
459776
4327.7
210894
38959.6
523421
3164.46
782817
108726
70904.9
30544.2
493.86
323549
493.9
186324
43035.5
85907.9
294276
33244.3
32778.9
11.4554
741412
217082
140234
106866
508.94
131279
493.86
717728
208258
4214.37
281043
787275
728357
58213.2
508.94
499136
152300
7892.79
601178
478.82
327659
478.82
573273
508.94
10727.1
11811.3
664027
147116
508.94
491691
478.82
502507
66029.2
478.82
3104.41
414659
1363.84
436755
508.98
535358
774923
708635
139909
508.94
59445.9
508.98
11637
724360
478.82
587937
95940.5
772795
511786
6440.95
530512
493.86
663387
697466
749710
216168
478.82
69617.3
508.94
149525
745206
508.94
720323
244446
777833
313080
457517
508.94
75452
9407.88
762960
125605
5981.76
597322
292508
284593
741630
103298
169232
89719.3
100586
444920
197183
225709
288154
661329
508.98
464474
508.94
46761.7
9377.15
68067.9
493.9
80714.1
28543.7
508.98
290453
508.94
484944
14516.3
70298.4
559085
508.98
388072
493.9
51207.4
203356
493.9
402446
493.9
85237.4
787610
171496
636246
690064
508.94
13862.3
516167
456435
23498.1
478.82
10450.4
98291
253587
281006
504838
281208
251387
281628
57950.6
483923
492734
670813
615303
508.94
788509
791862
428482
756439
135328
62967.9
784021
106283
5696.75
47549.1
3429.52
21494
508.94
243377
267681
94315
778824
562528
664460
579018
55769.8
158520
4132.6
122904
593913
12041.2
12525.3
271248
345527
392039
550863
508.98
44452.7
717173
42960.2
280843
396421
759778
482644
172371
405170
76810
491619
478.82
713409
28021.7
497360
508.98
250907
83656.8
637134
508.94
714250
508.98
259205
508.94
32455.2
437525
688411
62255.8
508.98
595680
493.86
310537
508.98
505040
243731
17241.3
4126.01
376111
708506
481244
340475
315608
493868
790388
100246
508.94
39733.3
29883.1
763402
40008.7
50699.1
446475
373928
350826
318917
313272
508.94
607583
244944
695065
2573.02
656258
508.94
338627
75744.9
569295
54349.7
508.94
61018.9
692963
47660.4
417.483
308621
604978
104307
234661
477580
35825.7
246048
572202
508.98
778411
478.82
785777
680127
34209.7
352154
564559
508.94
214018
493.86
583493
807154
675409
761824
362829
229895
493.86
42236.7
49197.9
315139
77438.7
478.82
644.9
493.86
255887
493.9
9351.53
493.86
19907.7
508.94
447513
12946.2
508.94
13386.9
147950
419465
692966
791941
508.94
42724.3
1325.09
36374.7
212888
310598
178447
132308
472738
189173
29540.2
493.9
455898
248610
138431
508.98
488374
20439.8
59034.1
768746
799389
692699
508.94
455775
304177
493.9
217638
304578
669779
762134
315694
382169
387898
114986
478.82
27248.7
748149
508.94
37369.3
493.86
245227
414023
198945
27609.9
478.82
61681.4
154738
287866
796905
579546
120854
709730
171647
493.9
680705
5513.71
508.94
53001.8
420393
188222
322300
345098
508.94
569134
607232
30444.1
8848.47
596069
493.86
599986
162975
33475
58102.7
13.5811
640217
454954
260658
49879.8
775221
79168.8
93807.7
141726
218229
379641
34747.3
508.94
340.818
559240
240030
436966
552646
611173
372491
144039
10421.6
137000
508.94
753173
377634
532537
478.82
417615
46130.2
220145
285665
10697.3
715802
166472
317713
569089
133699
50160.3
118427
679287
521516
244209
510372
92820.1
508.94
9123.6
478.82
159160
508.94
537588
103825
283266
145891
49524
539220
254891
173362
695786
125504
68961.8
724982
252261
178956
138543
687436
166267
95215.2
623549
277009
508.98
357798
684391
601840
343820
478.82
189636
2044.41
612089
88872.2
508.94
231255
493.86
429274
106743
238115
508.98
7719.94
129362
447482
428839
185892
478.82
213368
7008.13
43611.3
14758.8
4096.12
635186
747610
213528
493.9
85361.9
181263
493.86
187864
594454
62996.2
116764
39745.4
478.82
37175.4
210495
1100.25
508.94
456391
587275
652507
77713.6
364605
493.9
82782.9
15051.1
161808
297403
272550
508.94
9899.22
707653
667263
17116.6
691.036
478.82
490654
578193
260386
126166
508.98
95032
53897.5
550082
301755
383484
629641
670218
23331.2
706025
33909.6
246541
74637
493.86
4946.23
727874
581598
505831
148193
493.9
317314
61853.4
126369
8521.57
712170
4088.15
493.86
193147
532967
22281.8
13797.1
426429
508.94
467921
176272
329452
103028
478.82
58942.9
508.94
717150
508.94
130094
127736
370660
185053
717993
711894
12588.2
389863
95873.8
508.94
743130
478.82
427737
742491
154114
546493
457780
508.98
22441.7
508.94
386707
40405
59821.9
792733
636523
1006.41
127567
758597
704871
493.86
115875
152656
722593
16460.3
711844
112738
29421.2
13049.3
57500.6
702390
9050.48
508.98
761761
541118
310485
796709
21157.4
7654.19
96694.2
768081
66105.7
508.98
250003
30424
527000
717169
493.86
8506.49
52154.5
779716
772189
493.9
593435
56427.2
200531
508.98
517960
166185
41623
493.86
634518
501095
478.82
42077
308162
457174
682365
144667
223237
84785.1
223576
373824
508.98
294803
493.86
596952
508.94
733119
69846.3
784145
493.9
446829
862.947
372300
26641.1
1308.16
475302
38489.6
352760
345.867
55721
734637
35575.4
308814
88110.6
553956
738550
552126
35085.4
210888
547341
233158
395604
253811
24351.3
233293
38618.6
418511
613536
414543
353438
616202
6459.92
508.98
183310
227.587
509184
478.82
749192
228353
494700
669595
508.94
44343.8
217813
191678
588803
35608.3
119862
509471
508.98
756761
506062
508.98
46453
80956.6
113072
236254
755416
494636
130380
508.94
763367
508.9
312398
703407
478.82
93272
493.9
684936
144796
508.94
1963.59
177593
48276.9
780369
483998
764979
6493.37
756843
94001
597021
154279
533814
118871
493.9
731456
6832.59
478.82
214443
392095
109846
244608
478.82
32649.5
493.86
786839
731514
58879.4
478.82
661703
171890
54690.8
540528
17744.3
603093
3309.84
18909.3
508.94
660051
547267
332102
478.82
163201
374543
3258.13
162338
493.86
20500.8
198901
493.9
259682
223736
116194
508.94
29479.6
569313
296942
662861
508.94
39936.5
8542.22
57081.2
158457
353135
493.9
748176
105808
633596
137699
1682.62
508.94
37864
190469
4183.35
2208.61
8444.89
508.98
563793
514536
746913
645568
379636
508.94
624168
369845
478.82
492670
112595
359732
493361
764618
508.98
701448
508.98
794214
10068
572139
493.86
671588
676344
641638
96401.6
58286.4
758358
10643
7600.98
391018
508.94
353069
686126
3546.05
789676
72875.5
493.9
143622
2824.81
639209
455316
566902
39257.6
694097
723217
210295
102437
478.82
563068
290594
16384.6
44948.1
300701
493.86
510364
54781.2
24279.3
398256
384317
418602
749310
508.98
590980
493.9
398612
5456.87
427980
786781
493.9
522205
86207.4
702680
614118
127228
3006.91
223587
786389
15127.1
326924
1218.2
478.82
230.799
204365
508.94
392846
488164
5507.54
9839.9
508.94
160799
664.32
424663
508.94
436909
81737.2
207859
161195
754868
184016
300434
508.94
607401
579154
490964
597089
796428
99046.9
233927
493.9
753007
493.9
701480
56621.4
211073
508.94
469013
766168
405459
139762
22703.1
621520
508.94
32904.8
59558.4
518471
328027
493.86
476192
508.94
42412.6
311620
771181
211655
182851
10318.2
141404
13769.5
757410
585475
20381.8
478.82
333940
63652.3
73743.2
493.9
4526.35
478.82
131160
262326
478.82
29178.2
118694
534774
787083
587316
653273
278976
202606
7441.42
493.9
5294.93
155886
582942
108142
540009
684423
119948
204037
493.9
1107.77
329733
7389.42
632751
508.94
24253.3
5000.85
645.891
493.86
77756.1
508.94
579569
90621.9
638094
32659.8
109356
465032
195629
493.86
193463
44163.7
10074.5
459984
508.94
658607
62659.5
493.9
32589.3
48006.2
782442
17728
200868
23258.7
269480
25339.6
360629
326596
508.94
713563
48114.7
203735
419956
349820
508.98
12068.7
16487.8
486312
385626
385720
508.98
21206.5
763459
65376.1
37767
73055.4
312502
717445
51254.5
493.86
1174.81
11269.4
114857
727931
493.9
458235
96649.3
649642
711261
508.94
254033
42101.8
479051
765895
478.82
8159.3
493.9
1897.48
64838.6
64513.9
424537
744123
493.86
130514
25002.1
33761.6
478.82
58.46
1268.44
493.86
13554.1
194053
50039.7
294001
784331
172616
33087.2
508.94
81471.8
638112
384107
681176
666206
390241
508.94
29770.1
58670.6
493.9
357111
209239
478.82
525632
11186.3
179761
794077
169924
391538
119727
775811
190325
1515.61
561639
734470
240914
128010
32065.3
429195
10103.8
14964
478.82
762098
5472.17
784663
233893
36214.3
701998
285993
24156.5
351358
10858.3
508.98
451545
78749.7
26802.9
10455.4
208949
59296.9
508.98
766254
697685
604824
377756
551986
478.82
29090
731290
237774
376846
508.94
541431
493.9
651371
508.94
2619.17
10724.7
3621.82
751532
51221.6
410035
493.9
26351
237900
478.82
56724.3
494605
493.9
11974.1
209529
499336
262643
54663.8
39551.6
493.86
457021
514712
437296
281907
731688
501678
493.86
373552
508.94
34240.9
749010
493.9
13740.9
261253
683420
110149
70044.9
508.94
112599
245644
32851.7
688398
82064.1
508103
384604
508.98
57415.8
493.9
787733
478.82
3499.58
406482
117120
493.9
44240
732640
478.82
37104.3
29712.3
444510
327255
681325
86642.8
493.86
559217
72228.1
232805
508.98
3077.59
662822
604616
508.94
354775
294813
779661
73256.3
478.82
354913
446284
508.98
444024
381578
391644
5338.2
481550
547024
29852.1
436107
510948
715529
38388.7
508.98
482042
250622
263034
14525
153407
759657
493.86
378733
508.98
618430
435950
82829.6
369405
699827
596527
498235
714997
46953.3
413961
188200
781582
26411.4
284304
367498
508.94
624204
478.82
17238.4
493.9
405897
217122
480162
291216
478.82
112201
18250.5
381488
8915.06
93089.1
16470.8
406873
12919.8
508.98
782021
715995
393500
113196
43524.5
396914
278522
508.98
273445
493.9
357181
8512.13
508.94
132663
22866.7
478.82
179993
48049.2
72811.9
493.9
10321.6
61318.6
6424.09
592817
508.98
42625.9
297225
22259.8
795294
558592
135610
764603
96682.8
157016
493.86
84085.2
478.82
215758
609117
518979
777892
478.82
774116
458343
241568
753846
300378
597142
3593.63
492005
62236.4
609360
643836
638630
493.9
1808.48
694528
742729
51369.2
4567.65
746879
493.9
618722
33249.1
389976
633505
272573
716692
622837
669622
493.9
657689
43494.5
104187
404434
718227
406.041
616683
310555
62305.2
9774.63
206105
508.94
3736.24
50622.6
680855
222729
75261.9
149687
659284
493.9
449640
10846.6
779339
654531
354483
475135
493.9
184686
532945
512458
476846
49931
116103
721613
5037.47
633803
592151
641589
407938
657748
486921
388076
508.94
149943
663694
508.94
705379
10448.1
30036
676239
508.94
531677
503335
508.98
783231
733683
493.9
578736
50598.3
493.9
27857.7
396420
702175
23142.1
695335
139910
137.479
787863
766555
702545
15332.3
620645
508.98
147645
798709
508.98
559281
3454.15
130347
297504
15398.3
82592.8
44407.3
508.98
681592
15434.5
9390.86
32142.4
246948
225641
653717
14459.8
654216
508.94
359463
736405
376429
754181
354735
478.82
32963.4
23099.9
642312
309278
744815
7826.68
782007
407631
478.82
673635
167558
551066
204547
76476.5
37196.9
394161
478.82
164744
508.98
739493
603139
11578.3
723995
56556.5
164367
36365.8
508.94
794298
22594.7
508.98
253864
753720
508.94
3181.02
745786
188544
778903
201991
277.138
132027
84906.7
626450
33608.8
508.9
29572.2
777765
10879.3
2014.75
269946
408599
548814
478.82
263566
685970
238065
478.82
238455
39975.8
87560.1
41485.7
26956.6
757724
363317
155031
325594
508.94
525560
613921
781222
58237.3
83261.8
33727.8
229964
56167.4
508.94
407120
52933.2
209265
493.86
97483.8
759056
508.94
503466
508.98
149075
113344
437444
22217.9
508.94
770425
117442
683677
76409.8
471818
388726
661575
15947.4
508.98
4391.81
661356
508.94
555988
76666.8
36730.5
508.94
192657
508.94
10182.9
58036.9
673233
679023
23937.3
348693
576999
508.98
6655.44
664260
478.82
282709
169336
444998
82672.5
493.86
62637.2
472426
8146.59
29886.2
353316
478.82
500838
19372.8
598957
79905.7
44027.5
493.9
280252
41254.8
94601.9
574544
440739
509315
508.98
284.845
493.9
131195
373815
601256
18823.8
568011
342009
431573
508.98
335641
395267
60497.8
1875.76
684588
738434
471844
493.9
367333
574203
379216
646019
478.82
583043
6532
508.94
766327
119008
101797
508.98
566150
229287
478.82
739552
512212
515802
293902
508.94
757241
769440
744.15
10846.3
796831
614925
203577
493.86
346539
14712.9
675210
690517
508.94
16493.7
222106
479539
724060
74302.5
187873
206310
160151
493.86
143768
11119.4
22544.8
514874
493.9
543438
478.82
464961
359201
19217.9
168942
40868.8
633020
493.9
749625
767934
415268
22326.7
101929
501517
624169
478.82
638.617
508.98
60275.1
493.9
243450
775558
452171
478.82
575884
70082.3
730158
508.94
700323
254394
43689.4
82673.8
511654
508.94
583629
648261
170041
95365
377752
24847.5
137774
698017
559642
379451
645844
7947.36
52626.8
630307
524443
418599
384576
218455
21999.1
361324
572602
71946
794924
194974
115193
20421.1
444832
395885
401891
478.82
74443.2
493.9
311365
508.94
84879.1
1693.98
73215.9
349751
143994
478.82
527430
323201
544553
71234.6
508.94
303440
710001
713850
786171
687965
539181
18038.5
1881.18
55930.8
558517
173702
113561
318836
623224
6445.86
508.98
84636.6
508.94
15230.5
121630
508.98
223400
129959
478.82
175360
493.86
773483
508.98
470391
233569
122084
272497
178608
647295
508.98
85018.5
451670
478.82
441587
83573.5
508.94
698734
65031.4
496411
2764.83
111602
73739.5
131449
493.9
11678.7
613532
619771
664479
493.9
293339
508.94
709683
552891
478.82
196206
160927
3931.62
140179
508.94
30037.3
772126
477680
508.94
26598.8
65551.9
493.9
14407.9
622566
508.98
686818
785850
508.98
570611
787540
401080
209749
478.82
666012
167575
16067.3
508.94
533566
508.98
47747
70172.4
504551
508.94
771414
573453
16356.1
244736
209874
211265
156534
662606
140844
565560
508.98
54423.5
24770.5
421785
619443
682426
777133
10048.1
9768.83
508.98
49104
419630
493.9
239172
184188
508.98
290.9
6029.88
24226.8
188558
341344
792739
331746
192201
493.9
96019
478.82
447224
273008
226479
276996
67029.8
656572
363846
508.98
311721
39533.4
648539
478.82
715320
18254.4
751170
750398
595319
551891
508.94
115169
765229
508.98
424941
35272.8
25635.4
493.9
2560.69
278526
478.82
277722
650044
508.98
585324
6027.69
239275
594594
77682.6
743268
552574
3360.63
478.82
40669.8
253230
378235
30020
156142
482340
508.98
367371
791639
459342
2938.67
705504
508.94
737828
86931.6
508.98
291785
741681
17237.6
493.9
327033
12916.6
508.94
37373.9
389749
508.94
241357
557
3763.07
368488
392850
52920.6
508.98
487979
508.98
197221
434465
404849
310881
24589.9
673572
597587
54724.3
69254.9
765437
23254
665784
493.86
477214
493.86
179647
151419
650041
3089.41
700256
508.94
42804.9
770158
18073.8
213197
372428
3696.6
376048
451900
493.86
33587
81698
123965
70388.9
46878
79711.5
450345
493.86
3290.19
21742.7
654290
345326
508.94
67926.9
196223
636291
178230
350310
720638
160240
41575.2
85337.4
431761
185546
237452
493.9
546183
116649
56893.9
63253.9
12655.8
22140
508.94
314754
126562
136395
493.9
311401
646334
105608
4933.64
493.9
77560.8
359240
19300.1
112375
790529
44665.5
508.98
57.8127
101945
333024
478.82
80869.7
478.82
498931
582154
44842.6
493.9
744898
127965
508.94
743174
111410
486253
400098
231733
593993
115820
745417
669038
160457
72633.4
220853
16948.6
17193.2
282275
10245.3
174000
654716
395361
5891.12
26954.8
623846
59600
508.94
287802
478.82
796636
7045.17
258994
478.82
127149
463190
79389.1
508.94
748930
508.94
9628.36
2781.52
663524
508.98
483491
7095.47
493.9
396735
97695.6
80377.5
82460.2
301177
345596
493.9
823.628
88269.7
53894.9
520593
622830
79317.3
10118.8
393876
81200.6
478.82
60454.8
201836
13979.9
403491
446670
764734
493.9
686299
719347
173974
496731
1914.69
489223
243924
750809
738266
777963
424656
18333.1
591538
13209.5
7905.26
342628
756488
346825
493.9
65438.7
715667
441775
37685.8
391508
893.417
417038
200.921
709330
9870.13
528585
679809
40177.9
508.94
182839
18116.4
644987
751098
453953
525817
356288
496255
508.98
759800
632650
131656
43551.8
250138
493.9
98068.1
43089.8
51944.9
94612.8
386022
469217
113581
460917
787992
159244
49323.3
26674.9
66431.5
9449.82
32735.5
162537
183084
94206.4
404959
599739
147012
44009.9
17770.6
410.53
37786.9
493.86
283111
291713
344438
478.82
432259
508.98
99935.6
128883
47263.3
35910.1
293086
9345.07
493.9
248542
197924
508.98
669241
399414
478.82
27035.1
478.82
63487.7
10447.5
376752
493.9
132990
102827
374370
244970
1408.84
464103
18427.7
558870
108495
224174
10862.5
493.9
3342.09
493.9
587009
136046
745400
319105
672602
508.98
549075
493.9
172491
279665
343073
143592
365167
478.82
50247
493.86
46120
790123
736520
238989
617937
478.82
118355
670407
577588
493.86
650535
816.518
478.82
41598.3
261131
639445
11817.7
72840.2
493.9
400655
393814
444772
765322
1743.89
367608
713026
735642
344063
780248
650986
256333
681588
740856
16662.9
221211
81397.3
95915.6
493.86
161101
80026.9
63328.3
508.94
28.34
184667
508.98
360379
493.9
62645.5
751454
783867
159619
169892
4861.44
623927
1.8682
11642.9
47796.1
529539
377057
508.98
5197.52
76539.5
482593
508.98
699008
508.98
416575
72616.2
574375
426567
16048.2
16609.6
754078
75012.6
19789.9
493.9
241993
508.98
330071
478.82
544755
266.631
697698
563322
5719.84
712176
716148
493.86
55973.5
115040
493.9
14087
789228
534536
508.94
2349.89
14070.3
713568
328266
447876
561772
577887
202886
97902.4
20711.9
154984
256232
48610.3
137491
228129
508.94
194473
32323.7
49500.4
425373
493.86
733093
508.94
506975
280255
720788
508.98
83338.5
48928.8
588459
537080
742432
550083
249006
610955
710282
493.86
6061.18
91173.6
3639.67
105140
774383
626504
256030
601231
753981
40704
351705
463052
1793.17
338528
199411
608576
276676
435058
508.94
44131.6
397469
688901
121423
790530
139014
694574
442313
248798
730613
493.86
364514
290914
275124
150587
91250
163732
337283
493.9
443166
478.82
688919
404087
182938
493.9
197443
29400.8
755875
102.616
362574
508.98
243045
21663.5
493.86
545813
262444
11288.2
154528
53814.3
80351.8
508.94
367591
689530
230463
369646
769729
716538
478.82
37173.2
220979
508.94
92667.2
728037
245921
493.9
440314
508.98
4718.63
478.82
734069
228172
40979.8
593187
744870
652162
160859
449723
83597.9
678564
789075
409661
787704
696908
42891.4
508.98
242375
598619
759593
508.98
467737
508.98
310467
105108
606968
508.98
31965
110824
8406.12
9472.91
284622
111152
574006
8691.82
42911.5
112795
141748
602686
696076
459726
367633
201882
787453
378922
21780.2
59913.3
487486
26727.2
478.82
647151
6376.02
783406
493.86
539890
508.94
600778
176760
555913
493.9
449868
739156
617321
7340.27
282768
196678
508.94
127346
697704
295111
768951
508.94
2675.43
705482
465595
649644
493.9
38325.4
477319
492483
117606
369125
582921
745327
493.86
167865
126764
23023.7
253766
13009.7
324888
59293.5
22630.4
777888
567773
493.86
546656
19779.7
691197
129799
225028
10441.8
493611
12.8281
102062
532708
196019
508.94
796595
469245
13476.8
493.9
453419
243089
357014
493.9
589082
8931.56
478.82
306745
310900
212467
508.98
542326
508.94
54936.7
525994
61745.8
29221.8
37141.2
464053
263103
493.9
604489
729554
119775
773341
204850
751941
513188
193507
493.9
23283.1
750429
329964
43643.9
166949
398100
499020
254996
205930
493.9
383608
75223.8
253423
493.86
35125.4
751627
22135.8
508.94
210457
332664
749454
715160
262709
7798.81
707871
749521
87983.1
34624.8
606297
178186
508.98
517523
508.98
723862
656714
37055.8
276138
403967
213281
85635.5
478.82
4943.78
480026
498496
39857.8
413342
493.9
6874.84
478.82
24127.9
478.82
268268
660547
493.86
3618.23
1138.78
136336
54016.9
493.86
766386
12424.5
478.82
88246.2
5669.96
53425.9
508.94
633514
493.86
58707.7
8143.88
16275.7
611377
36261.8
749596
372447
66968
400903
795695
478.82
70605.7
384597
13441.3
270772
618725
508.94
83604.8
508.94
762103
666434
453871
508.94
370056
409429
3714.43
508.98
21156.9
340089
384174
271654
493.86
107812
581123
277571
41242.8
508.94
703714
213175
644275
69242.1
47223.6
788767
616025
160760
18869.1
48948.4
764760
11971.1
493.9
40839
83974.2
553613
478.82
391997
49370.7
120285
225503
245638
2616.23
721439
279144
316645
3580.6
122310
318946
9438.8
178066
602747
414862
56612.4
508.94
759766
95142.9
155313
674451
703858
478.82
49200.5
171025
478.82
256003
767777
190051
153865
109057
508.98
211513
508.94
57703.4
45633.9
508.94
18088.3
282314
27757.9
661946
78393.5
463935
508.98
24344.8
478.82
408927
298904
532915
478.82
698222
508.94
527610
565679
550456
493.86
378779
787746
478.82
644890
785245
604189
401712
508.94
488016
46413.2
65694.6
493.9
34432.6
478.82
781229
761441
139407
23036.5
205111
108561
777228
770547
309623
601732
211395
508.98
12656.6
79066.6
508.98
17156.4
508.94
54759.7
74841.3
493.9
790163
667264
508.94
708575
374250
254287
297792
726553
704049
4328.71
166287
637851
316160
493.9
66284.5
200920
2963.13
508.94
190073
68948.5
216224
185019
18564.9
701451
491554
91103.7
230110
602809
215663
135698
629822
734049
51191.1
203100
300273
661138
190625
134989
47737.1
43904.1
188560
588859
86.6788
207159
508.98
564777
501826
739865
160203
40362.8
493.9
328446
783879
90076.9
622684
79699.1
234595
486204
138958
62496.4
741199
11851.5
24745.3
13394.1
695528
531146
441276
493.9
194375
780409
5538
124613
308331
25636.7
478.82
21183.1
693204
699856
576832
763416
255140
508.94
8771.44
5348.69
789610
342224
686943
106411
478.82
58.46
38471.9
788487
60701.2
508.98
277416
508.94
232981
62028.3
433513
173803
508.94
794908
331759
508.94
712578
263657
122903
390115
497878
234956
73886.2
21477.2
664308
637527
508.94
795889
50509.2
148670
508.98
15889.8
139091
508.98
584301
574252
508.94
743438
397042
372000
17377.8
621605
487936
137028
396017
493.9
299569
478.82
334871
13974.7
777769
493.9
680758
187469
516669
60834.1
112367
464457
187562
741140
31409.5
8853.27
730637
493.86
300713
74841.2
160383
260419
155059
148457
441268
508.94
358107
508.94
40618.5
508.94
499864
23511.8
22666.8
508.94
104749
39949.6
731654
308956
667692
283839
788401
493.9
5332.87
148465
135281
493.86
73088.7
185618
675042
698018
485081
493.9
581796
61389.4
284707
9744.49
501105
493.9
15302.9
508.94
345014
767436
508.94
25255.9
493.86
28852.2
550714
34493.8
194181
478.82
188127
782907
551510
497001
91030.6
493.9
436877
583670
778948
4819.42
36937.1
774107
673214
95530.4
391551
478.82
69113.5
42881.8
8507.48
493.86
426923
755872
10095.2
71222.2
448372
34768
93020.3
493.86
218520
493.9
312751
478.82
775719
493.9
718973
508.94
236347
398207
772238
508.94
343642
427809
153280
493.9
340482
304943
508.94
193.963
635958
508.98
28745.6
4612.42
585776
41776.7
765851
28689.7
76173.1
48897.5
10911.5
682426
177336
155932
516883
223902
508.98
4405.1
508.98
736394
42276.1
447390
600074
478.82
270549
508.94
457978
536205
499577
493.9
5941.38
3592.96
493.9
97913.7
478.82
351044
580958
735043
694316
575047
791806
525870
40872.6
417244
493.86
38316.9
426996
8245.6
177999
741733
478.82
388373
289293
508.98
462199
233360
92490.8
724593
101575
367533
164060
658364
3380.69
360403
251390
508.94
476204
174513
333315
423222
2594.44
649226
478.82
553336
508.98
9784.57
369157
478.82
71192
179783
48417
692636
493.86
154614
508.94
37479.2
478.82
423596
100879
264547
792436
617395
478.82
485100
5135.72
52526.1
65914.6
446201
39015.2
204517
769659
716160
478.82
355871
478.82
1614.7
384.755
127262
463753
168546
169769
508.94
596893
542378
3761.73
12774.2
522628
508.94
39276
408225
572768
443369
600.903
180103
406635
449940
661730
47606.2
768538
508919
425999
21672.4
26904.6
102938
208679
508.98
312297
311704
73308.5
493.9
4425.51
561735
626118
107654
255355
301189
9666.41
11364.8
493.86
162994
508.94
2876.51
99608.4
444266
243265
775556
166251
493.86
88095.2
12343.5
766740
173927
774815
461727
27906.6
601340
493.9
765139
15507.7
53207.8
6062.8
478.82
3460.46
508.98
21438.2
493.9
769517
493.9
430008
4801.93
15339.2
310500
245543
715345
508.98
188198
683267
201383
931.251
191265
3377.2
715126
131091
303883
122716
68071.2
118600
508.94
38818.3
495241
1160.15
443615
508.94
30406.8
29184.7
452730
508.98
563523
484457
675677
46321.5
781036
508.98
194866
36145.2
70933.9
508.94
746826
508.94
795645
10961.1
508.98
4561.66
748892
478.82
28050.6
69315.9
508.98
386252
606202
114727
246768
612329
508.98
17949.7
323234
752135
24712
788960
658754
493.9
136484
740916
493.86
17644
659356
567646
795086
540524
493.9
110569
508.98
62230.7
493.9
106271
331133
5685.64
11354.6
771722
778954
478.82
479333
367737
48257.7
166483
12138.7
3142.99
622985
485134
471003
47060.4
591178
730950
463057
7142.83
743696
88317.1
539699
504898
581152
227308
508.94
236609
73227.8
129655
177898
493.86
34879.1
665986
301869
619037
452141
493.9
159578
743323
561203
40657.4
100221
472730
83346.2
773116
493.9
430791
508.94
381237
508.94
713692
569432
493.86
20437.1
21641.7
151367
7008.61
16267.2
304246
414571
582717
218930
230476
427108
193824
53979.5
529614
7934.72
493.86
406733
705292
242813
493.86
54447
530679
493.9
3128.58
188030
494615
796125
508.94
64035.4
37306.1
41536.5
787664
123583
96173.2
18034.9
6947.49
74613.4
508.98
43220
508.9
3276.23
410617
113834
612758
2708.52
124660
4275.24
508.98
305143
317653
354001
299993
540622
662945
493.9
616451
107219
578112
752361
443941
478.82
702307
11524.6
436293
493.86
754781
38114.5
597937
559454
6083.67
366612
521784
174029
493.9
1035.06
8529.29
478.82
62890.4
483075
2159.63
448010
490696
629582
508.94
287909
637329
15501.6
443825
12132
478.82
556823
473033
540736
702647
677119
14694.9
493.9
731322
714187
56698.4
79889.3
170609
597823
212116
76709.7
30407.7
175716
3722.77
781410
134448
79263.7
693173
12997.7
508.98
25697.3
4939.53
39622.1
717950
137972
478.82
744711
2652.21
621112
508.94
724487
314754
63598.2
508.94
5019.93
188340
257083
508.94
753731
765088
25094.2
508.94
126851
27855.1
225185
300927
7447.1
768649
735996
391372
94400.1
3033.54
181962
372994
17066.4
461160
94344.4
749307
128970
129274
282513
71695.4
337084
26115.5
493.86
6890.2
698920
397619
30756.9
786444
111437
93327.2
39775.8
87197.8
508.98
42264.9
508.98
661625
127123
179165
129293
367744
398470
104676
743002
247436
478.82
267555
197265
508.94
744539
248501
10927.7
228999
290923
493.86
13090.9
17070.2
152792
747934
639039
4026.04
398744
79806.7
786917
317261
479399
31165.1
19711.7
78407.9
360839
749870
508.94
132191
769757
23435.1
141630
499810
35457
508.98
50775
584681
508.94
466296
778522
539885
118761
3951.18
27649.7
10128.3
8634.73
406584
724750
717768
629535
5585.23
398461
493.9
793104
440409
493.9
705403
170243
120430
478.82
64326.4
74736.6
124378
33067.4
493.86
357558
550018
508.98
728485
437046
460407
508.94
71484.1
672644
5657.71
69971.2
311484
224129
753284
466801
241791
493.9
106972
392400
49464.3
77033.4
72800.7
268881
508.94
105063
9271.77
596680
210907
732925
207719
209733
366264
508.98
453241
501030
508.94
312240
513856
32904.2
61718.5
6733.86
395417
508.94
71685.4
7106.68
730619
4746.41
237721
320109
493.86
2035.61
647011
109694
340987
508.98
528726
187251
2709.27
20794.9
647110
576064
571298
33479.9
500845
544697
279702
546003
205754
278495
478.82
626994
553378
95126.2
766532
720238
508.98
31345.3
160082
493.9
484523
39784.1
508.98
58764.4
272716
167480
632217
100954
203743
760924
695529
3151.3
380252
364253
218300
105047
119672
493.9
33819.5
124323
508.94
485914
650344
689171
703215
406853
427972
50345.9
177517
493.9
1004.29
610924
508.94
17277.4
131843
315889
424932
600732
493.9
144730
493.86
445923
764799
313348
217508
1378.47
19827.8
792890
55084.7
223774
48848.7
508.94
289141
478.82
537722
493.86
218735
493.9
540359
508.98
591147
23794.6
111013
47839.5
190061
251909
577070
233751
176629
644956
508.98
494149
68965.6
5359.9
274355
460860
769528
49042
493.9
228138
39258.2
508.94
124462
508.94
343389
141842
508.94
4152.46
754211
506483
10361.5
266226
102898
493.9
427717
508.94
751440
219095
765160
551680
508.94
462466
508.98
130425
62982.4
385680
53682.6
371590
628773
224252
314379
468644
508.94
775672
715695
16509.2
23076.9
754414
27694
493.9
315506
508.94
19925.3
34975.1
411114
498664
476377
58951.5
22335.2
2590.52
22464
260165
493.9
369365
508.98
122652
69670.8
301408
486342
493.86
197905
62911.1
84884.4
657818
185645
20489.5
656932
9270.93
630664
121988
21099.3
763366
191355
745664
417029
556716
148538
792434
493.9
511597
508.94
189003
361597
508.94
1822.09
72573.8
143498
342664
268762
478.82
684328
710323
508.94
582744
508.98
284466
532784
297849
46234.6
169784
16683.3
84534.1
619654
315.917
102846
414139
208955
389267
734582
132092
271914
493.9
134406
713974
11157.6
718682
493.9
79939.7
137644
786085
79006.5
58562.5
79970.8
772862
508.94
10254.7
508.98
229348
307913
263463
149.747
310673
3535.72
478.82
351250
508.98
10307.5
469516
28297
474563
746202
508.94
6988.74
361859
205373
150394
206794
10529.5
464826
3414.67
541111
429637
748805
249754
331540
50960.1
508.94
55312.3
787820
47014.8
478.82
404577
204092
273232
78317.2
579052
567606
359325
164510
493.9
67029
493.9
519155
270858
622018
25114.5
51312.8
508.94
2552.13
207288
80668.1
33951.3
757992
388187
82089.9
698894
12490.8
151261
508.94
714191
102369
411544
83918.2
21614.6
508.94
430703
529906
20696.6
478.82
683210
478.82
22323.5
756080
534346
113156
311042
493.9
3299.04
60555.4
308960
20107.5
478.82
34605.1
508.98
174170
520166
493.9
397365
731726
218034
15106.5
149989
312019
205757
643016
752030
208892
168596
577290
638708
248515
18718.6
23073.7
469266
12845.8
11497.8
393695
478.82
37775.4
646777
508.94
406508
68605.9
238213
107900
732859
145522
429209
508.98
665574
493.9
559502
773862
691032
629143
118270
66041.7
140844
484695
6507.31
508.94
263230
167544
478.82
43305.9
203139
256491
120647
508.98
1559.37
207306
184240
508.94
786287
27049.9
312116
508.94
28.34
753985
83895.5
478.82
203039
478.82
404262
397084
714589
73144.6
453331
41987.2
75076.1
54639
31193.2
493.9
78390.9
508.94
255058
468764
72000.4
441176
78947.9
8.14145
493.86
28690.9
369995
322051
359992
508.94
73469.4
508.98
123435
417710
265300
29560.6
130282
489876
508.94
782935
787594
526073
551206
443764
508.94
82623.1
301744
513018
448938
166423
795487
493.9
747172
83197.6
1192.35
47364
179058
493.9
354535
343491
698052
48454.4
493.9
70233.5
65851.9
493.86
1753.75
493.9
771573
333719
46365.7
111473
793673
708836
79787.9
264373
69664.6
224069
44806.9
10448.8
242725
725115
376752
305449
223019
76422
542145
493.9
101729
668511
22419.5
789547
683006
611409
508.94
714008
612412
508.94
320809
757717
508.94
151372
429264
493.86
10733.8
281042
298802
508.94
63083.8
21908.9
22507
493.86
24340.9
180796
766918
417281
581003
493.86
765159
434582
692709
45438.9
234827
705775
364065
9738.13
508.98
763928
565865
512601
301237
344155
173073
508.98
187792
778912
247935
493.9
539110
87165.7
11408.6
44577.5
301748
87224.2
8687.14
113608
747198
647825
505998
219061
771046
25371.7
492918
508.98
134739
20836.8
27938
493.9
36128.9
787502
42800.4
53989.4
63102.4
478.82
58.46
37097.6
118460
478.82
289839
185735
1314.11
786678
493.86
298476
508.94
168715
508.98
111127
512897
493.86
154921
508.94
656095
262108
98179.2
508.98
14213.7
737692
772353
15444.3
10766.9
508.98
32642.2
703018
508.94
479543
82884.6
493.9
27609.9
79208.1
1834.93
177217
617363
407615
508.98
207290
478.82
247642
148274
427489
17978.2
253188
64900.9
184791
478.82
248115
151607
48653.9
175795
144993
467937
727230
575028
770942
82520
402584
508.98
779317
993.689
31805.7
493.9
600596
478.82
763564
763745
164020
701928
317529
508.98
633282
50163.4
73958.7
431670
664408
508.98
505526
543202
581081
217964
590054
731345
6773.33
456366
374392
12438.4
141520
493.86
546989
302504
493.9
7959.04
753800
670361
7848.52
493.9
84551.2
369735
493.9
706525
650338
508.98
303893
235238
122330
353424
508.98
466527
355323
311295
9964.06
508813
478.82
404273
493.9
217081
508.94
764949
78564.9
508.98
336228
493.9
643140
786747
244375
65309.3
752526
319858
740363
508.94
486773
111221
508.98
12979.9
199133
296910
223879
324512
15410.6
12886.2
265507
625164
350530
381597
493.9
301543
412965
508.98
557931
541565
478.82
5472.11
36915.9
508.98
750271
84995.9
218370
138950
715033
393227
415217
83059.5
21865.8
432096
336621
135681
736491
773184
478.82
19028.2
787641
508.98
473417
493.9
510946
24033.5
708346
18926.9
122921
137324
478.82
538737
659020
457686
493.9
785316
108398
109388
63082.5
695569
716497
793376
662048
117971
40916.1
369558
77980.7
2791.64
12655.6
16320.6
508.98
118372
455576
613953
499315
508.98
91219.9
269267
508.98
740679
663946
6591.53
407865
346291
493.9
155466
508.94
796996
368862
623260
305227
493.9
91411.8
87493.8
478524
200103
508.98
10190.6
785437
264359
493.86
53246.6
269716
493.9
686038
493.9
19474.4
29406.2
312865
508.94
693599
59300.6
7208.8
759638
508.94
50497.9
506172
362985
415021
635564
493.9
29871.2
478.82
590492
6593.93
576883
548504
99523.3
212561
478.82
518453
68620.9
742686
493.9
790958
470914
508.94
268766
493.9
66399.1
493.86
42815.6
111914
12945
255985
611892
508.94
232196
249330
443432
710346
72547.5
80649.3
493.9
764357
128239
493.86
405084
493.86
3115.55
915.235
493.86
574356
493.9
471977
580061
763951
728379
714431
508.94
272.612
777155
112442
205408
14847
797820
493.9
541912
416.801
323554
508.98
762069
63306.5
85851.4
404955
524769
56962
416544
293853
185410
258589
493.9
732628
480346
49133.7
33077.9
522292
439589
594492
383876
478.82
717991
123822
61623.4
225394
4779.14
493.9
128783
580888
20615.7
508.94
714342
298821
84634.6
13588.6
172589
634157
508.94
292922
552809
104055
24311.9
698591
559548
508.98
523207
493.86
251811
700493
335206
388768
645908
87852.5
721690
158238
4717.04
8511.35
498005
641089
719426
696795
772129
57016
753993
508.94
89181.1
493.9
3203.85
51239.8
195115
504630
508.94
1029.62
524941
689936
65541.2
188266
769329
416382
478.82
35294.1
21439.5
493.86
38679
32515.4
478.82
361512
5798.19
610603
20689.2
574415
777646
619066
493.86
267933
593544
638781
508.98
30438.3
493.9
636213
455016
278546
709594
508.98
23686.6
448569
116514
398392
115537
520551
60433.8
5780.01
82841.8
50163.9
30969.1
568332
652781
365116
730185
127452
506974
436684
19583.7
547370
228722
93044.5
52186.5
478.82
486159
478.82
440288
788987
266163
493.9
230081
557390
662619
14794.9
373774
5955.37
11657.9
13651.9
95616.2
381666
669886
672590
64906.3
493.86
473781
508.98
383503
493.9
86538.7
325533
577582
508.98
57977.7
79912.4
508.94
567407
416903
672385
466307
326252
572118
51605.5
11380.1
508.94
161912
13922.4
592687
125132
89656.2
401323
493.9
74464.7
303872
493.9
778772
493.86
699643
791758
354262
51352.8
34259.4
6272
508.94
14681
530429
466764
209781
231196
22609.1
643385
216079
508.98
794533
697923
11328.3
609924
96759
508.94
296146
708064
68196.3
775003
235738
109714
213605
135349
601074
273401
745607
354077
537099
84801.4
459117
517754
67796.9
62919.4
359008
9963.63
488177
662030
6018.01
508.9
189680
9963.55
508.94
4994.37
44709.9
493.9
629387
66539.9
701318
170500
508.94
179776
186.628
765792
156873
630684
508.98
189117
276858
516714
718643
493.9
105826
648574
125678
508.98
704419
254362
383890
508.94
30366.6
8670.61
493.9
37723
478.82
753648
493.9
86568.3
144091
73781.9
493.9
257868
197451
263633
384127
478.82
5371.13
82431.4
543261
157015
788406
2114.48
493.9
791395
114145
607225
753884
508.98
12408.6
364247
461523
65548.4
478.82
219490
478.82
16182.4
686625
271946
93717.4
493.9
456348
508.98
15319.8
2004.71
90690.2
16011.9
617239
3459.93
17553.9
527635
93083.1
443538
110666
508.98
118226
750540
565010
653387
730100
493.9
304379
225644
688441
383247
472457
19622.7
40831.7
601956
78645.7
60740.6
76702.7
193742
154113
45194.9
493.9
546037
508.94
499.579
790957
332134
12591.9
478.82
746165
472152
183196
11919.8
746459
49293.6
424267
588642
713742
42333.3
508.98
126057
177922
508.94
608336
351774
567614
189702
640266
276462
508.98
134095
779809
493.9
660253
165006
272004
779533
17057.6
239729
123761
43136.4
493.9
753740
10856.5
500168
478.82
294673
6471.67
478.82
229715
508.94
131890
736808
590767
23785.8
22249.4
508.94
729125
660775
388386
579881
267661
711712
98715.5
20531.5
112589
394453
646093
508.94
11576.4
598172
652728
532016
430960
200983
161.422
701179
16277.9
488337
505438
687227
357398
29155.7
478.82
106392
744172
442267
366438
19793.6
354624
478.82
25715.5
277326
524368
104628
493.9
704327
478.82
311703
646421
14790.6
633775
775457
478.82
687313
493.86
177372
5025.17
19063.3
9522.86
508.98
294396
662761
671137
478.82
35376
127143
10971
735471
64640.8
378891
55494.7
493.86
356504
796764
493.9
41321.5
240948
493.9
422434
508.98
19774.6
508.98
470566
343126
197752
111202
29.23
715436
493.86
132353
204727
83198.2
508.98
71121.2
26909.7
28511.7
493.9
628674
770338
370497
56261.4
756361
114111
244987
478.82
30019.5
615097
164715
508.94
300252
267662
508.94
501731
330072
159386
716773
231162
174482
461560
458563
769894
36576.6
542836
690052
62536.3
508.98
328095
391450
567647
750851
130195
530501
395215
913.69
245991
508.94
39572.6
652977
261267
386264
41545.9
13291.1
508.94
408348
31488.9
747843
175356
269315
478.82
562161
21444.3
751855
215621
46732.9
148078
225003
47338.8
75699.1
695957
43347.1
477851
478.82
67337.3
282013
440190
568941
493.86
44775.3
22947.2
226591
428790
99.5953
493.86
382500
478.82
608363
596897
89749.1
1124.83
521689
190409
768482
764418
478.82
531328
413176
243.512
560139
67214.9
661260
602773
478.82
399339
34386.4
548519
144945
322711
266124
757142
451846
508.94
162707
668100
56519.3
331817
35501.8
168173
493.9
649382
366489
508.98
474315
478.82
124060
508.98
478320
508.94
43781
760328
508.98
666878
30210.9
89653.1
134881
327738
6647.88
478.82
1312.43
573712
36631
615732
394146
493.86
95061.3
478.82
200477
749968
25751.6
700799
345589
41880
794597
676381
741568
493.9
583150
101924
30228
768475
508.94
719307
405488
322326
98871.6
319824
61627.8
92786.5
508.94
546203
725044
760059
670018
639216
642252
440218
98781.7
508.94
20900
145043
695122
616392
518327
407022
478.82
11046.8
474877
81188.7
584303
493.86
568211
761441
644958
183116
513507
726861
5131.76
181810
339329
331889
369743
655229
29223.2
743730
454592
636416
371593
446215
39957.7
573702
795316
493.9
643821
144055
206461
149795
12165.4
297234
359680
7526.63
70201.9
212635
493.9
748604
705966
607244
543903
757181
598572
196476
478.82
712696
119100
499966
745353
247259
493.9
449996
493.9
249306
508.94
678289
106376
3622.32
632767
478.82
669332
618921
709737
14504.6
113219
449934
443480
706847
82733.2
18537.8
88044.8
4474.64
403610
764396
67017
421086
508.94
205150
629908
493.9
520733
508.94
72960.3
150056
21652.6
402501
706176
741993
67520.9
698388
573441
314361
664138
335.593
478.82
171402
68939.4
167203
508.98
58017.2
649986
493.86
21698
508.94
17444.9
122789
493.86
34139.1
106270
732459
478.82
792036
7255.09
477.868
751647
3100.21
19278.5
480993
23594.3
661589
521343
223502
175392
493.86
840.673
439968
594219
1233
28584.9
256810
508.94
9842.4
71705.4
561738
493.86
490861
401223
499658
598505
6859.16
508.94
5866.94
707428
85595.1
121299
508.94
592301
478.82
762452
158167
761934
130129
15036.2
745472
508.94
145611
15566.5
51502.4
87503.7
233169
326337
498352
176316
361941
296080
545216
478.82
151101
4593.92
279456
275719
745331
493.9
539279
611019
493.9
726278
713886
439917
508.94
266042
350734
32699.4
508.98
47655.3
675857
638767
6822.15
784982
125007
1574.89
85431.2
586072
5989.37
527020
20729.8
112562
170987
178158
71246.7
378198
259537
634365
202310
9851.8
178150
78620.3
493.9
638024
156381
144085
508.98
217696
362248
493.86
774264
268497
710994
493.9
733669
7910.8
273339
145911
508.98
16631.3
508.98
539577
154845
633261
88590.7
508.94
472245
493.9
201396
72773.8
478.82
254643
78806.7
10934.4
478.82
3292.86
361915
26809.7
471178
774828
12479.1
478.82
782083
508.94
30524.3
753430
493.9
792858
20500
95731.7
8475.65
28982.9
672693
14113
508.94
337691
7230.58